/*--------------------------------*- C++ -*----------------------------------*\
| =========                 |                                                 |
| \\      /  F ield         | OpenFOAM: The Open Source CFD Toolbox           |
|  \\    /   O peration     | Version:  2.4.0                                 |
|   \\  /    A nd           | Web:      www.OpenFOAM.org                      |
|    \\/     M anipulation  |                                                 |
\*---------------------------------------------------------------------------*/
FoamFile
{
    version     2.0;
    format      ascii;
    class       labelList;
    note        "nPoints: 2592 nCells: 1200 nFaces: 4895 nInternalFaces: 2305";
    location    "constant/polyMesh";
    object      owner;
}
// * * * * * * * * * * * * * * * * * * * * * * * * * * * * * * * * * * * * * //


4895
(
0
0
1
1
2
2
3
3
4
4
5
5
6
6
7
7
8
8
9
9
10
10
11
11
12
12
13
13
14
14
15
15
16
16
17
17
18
18
19
19
20
20
21
21
22
22
23
23
24
24
25
25
26
26
27
27
28
28
29
29
30
30
31
31
32
32
33
33
34
34
35
35
36
36
37
37
38
38
39
39
40
40
41
41
42
42
43
43
44
44
45
45
46
46
47
47
48
48
49
49
50
50
51
51
52
52
53
53
54
54
55
55
56
56
57
57
58
58
59
59
60
60
61
61
62
62
63
63
64
64
65
65
66
66
67
67
68
68
69
69
70
70
71
71
72
72
73
73
74
74
75
75
76
76
77
77
78
78
79
80
80
81
81
82
82
83
83
84
84
85
85
86
86
87
87
88
88
89
89
90
90
91
91
92
92
93
93
94
94
95
95
96
96
97
97
98
98
99
99
100
100
101
101
102
102
103
103
104
104
105
105
106
106
107
107
108
108
109
109
110
110
111
111
112
112
113
113
114
114
115
115
116
116
117
117
118
118
119
119
120
120
121
121
122
122
123
123
124
124
125
125
126
126
127
127
128
128
129
129
130
130
131
131
132
132
133
133
134
134
135
135
136
136
137
137
138
138
139
139
140
140
141
141
142
142
143
143
144
144
145
145
146
146
147
147
148
148
149
149
150
150
151
151
152
152
153
153
154
154
155
155
156
156
157
157
158
158
159
160
160
161
161
162
162
163
163
164
164
165
165
166
166
167
167
168
168
169
169
170
170
171
171
172
172
173
173
174
174
175
175
176
176
177
177
178
178
179
179
180
180
181
181
182
182
183
183
184
184
185
185
186
186
187
187
188
188
189
189
190
190
191
191
192
192
193
193
194
194
195
195
196
196
197
197
198
198
199
199
200
200
201
201
202
202
203
203
204
204
205
205
206
206
207
207
208
208
209
209
210
210
211
211
212
212
213
213
214
214
215
215
216
216
217
217
218
218
219
219
220
220
221
221
222
222
223
223
224
224
225
225
226
226
227
227
228
228
229
229
230
230
231
231
232
232
233
233
234
234
235
235
236
236
237
237
238
238
239
240
240
241
241
242
242
243
243
244
244
245
245
246
246
247
247
248
248
249
249
250
250
251
251
252
252
253
253
254
254
255
255
256
256
257
257
258
258
259
259
260
260
261
261
262
262
263
263
264
264
265
265
266
266
267
267
268
268
269
269
270
270
271
271
272
272
273
273
274
274
275
275
276
276
277
277
278
278
279
279
280
280
281
281
282
282
283
283
284
284
285
285
286
286
287
287
288
288
289
289
290
290
291
291
292
292
293
293
294
294
295
295
296
296
297
297
298
298
299
299
300
300
301
301
302
302
303
303
304
304
305
305
306
306
307
307
308
308
309
309
310
310
311
311
312
312
313
313
314
314
315
315
316
316
317
317
318
318
319
320
320
321
321
322
322
323
323
324
324
325
325
326
326
327
327
328
328
329
329
330
330
331
331
332
332
333
333
334
334
335
335
336
336
337
337
338
338
339
339
340
340
341
341
342
342
343
343
344
344
345
345
346
346
347
347
348
348
349
349
350
350
351
351
352
352
353
353
354
354
355
355
356
356
357
357
358
358
359
359
360
360
361
361
362
362
363
363
364
364
365
365
366
366
367
367
368
368
369
369
370
370
371
371
372
372
373
373
374
374
375
375
376
376
377
377
378
378
379
379
380
380
381
381
382
382
383
383
384
384
385
385
386
386
387
387
388
388
389
389
390
390
391
391
392
392
393
393
394
394
395
395
396
396
397
397
398
398
399
400
400
401
401
402
402
403
403
404
404
405
405
406
406
407
407
408
408
409
409
410
410
411
411
412
412
413
413
414
414
415
415
416
416
417
417
418
418
419
419
420
420
421
421
422
422
423
423
424
424
425
425
426
426
427
427
428
428
429
429
430
430
431
431
432
432
433
433
434
434
435
435
436
436
437
437
438
438
439
439
440
440
441
441
442
442
443
443
444
444
445
445
446
446
447
447
448
448
449
449
450
450
451
451
452
452
453
453
454
454
455
455
456
456
457
457
458
458
459
459
460
460
461
461
462
462
463
463
464
464
465
465
466
466
467
467
468
468
469
469
470
470
471
471
472
472
473
473
474
474
475
475
476
476
477
477
478
478
479
480
480
481
481
482
482
483
483
484
484
485
485
486
486
487
487
488
488
489
489
490
490
491
491
492
492
493
493
494
494
495
495
496
496
497
497
498
498
499
499
500
500
501
501
502
502
503
503
504
504
505
505
506
506
507
507
508
508
509
509
510
510
511
511
512
512
513
513
514
514
515
515
516
516
517
517
518
518
519
519
520
520
521
521
522
522
523
523
524
524
525
525
526
526
527
527
528
528
529
529
530
530
531
531
532
532
533
533
534
534
535
535
536
536
537
537
538
538
539
539
540
540
541
541
542
542
543
543
544
544
545
545
546
546
547
547
548
548
549
549
550
550
551
551
552
552
553
553
554
554
555
555
556
556
557
557
558
558
559
560
560
561
561
562
562
563
563
564
564
565
565
566
566
567
567
568
568
569
569
570
570
571
571
572
572
573
573
574
574
575
575
576
576
577
577
578
578
579
579
580
580
581
581
582
582
583
583
584
584
585
585
586
586
587
587
588
588
589
589
590
590
591
591
592
592
593
593
594
594
595
595
596
596
597
597
598
598
599
599
600
600
601
601
602
602
603
603
604
604
605
605
606
606
607
607
608
608
609
609
610
610
611
611
612
612
613
613
614
614
615
615
616
616
617
617
618
618
619
619
620
620
621
621
622
622
623
623
624
624
625
625
626
626
627
627
628
628
629
629
630
630
631
631
632
632
633
633
634
634
635
635
636
636
637
637
638
638
639
640
640
641
641
642
642
643
643
644
644
645
645
646
646
647
647
648
648
649
649
650
650
651
651
652
652
653
653
654
654
655
655
656
656
657
657
658
658
659
659
660
660
661
661
662
662
663
663
664
664
665
665
666
666
667
667
668
668
669
669
670
670
671
671
672
672
673
673
674
674
675
675
676
676
677
677
678
678
679
679
680
680
681
681
682
682
683
683
684
684
685
685
686
686
687
687
688
688
689
689
690
690
691
691
692
692
693
693
694
694
695
695
696
696
697
697
698
698
699
699
700
700
701
701
702
702
703
703
704
704
705
705
706
706
707
707
708
708
709
709
710
710
711
711
712
712
713
713
714
714
715
715
716
716
717
717
718
718
719
720
720
721
721
722
722
723
723
724
724
725
725
726
726
727
727
728
728
729
729
730
730
731
731
732
732
733
733
734
734
735
735
736
736
737
737
738
738
739
739
740
740
741
741
742
742
743
743
744
744
745
745
746
746
747
747
748
748
749
749
750
750
751
751
752
752
753
753
754
754
755
755
756
756
757
757
758
758
759
759
760
760
761
761
762
762
763
763
764
764
765
765
766
766
767
767
768
768
769
769
770
770
771
771
772
772
773
773
774
774
775
775
776
776
777
777
778
778
779
779
780
780
781
781
782
782
783
783
784
784
785
785
786
786
787
787
788
788
789
789
790
790
791
791
792
792
793
793
794
794
795
795
796
796
797
797
798
798
799
800
800
801
801
802
802
803
803
804
804
805
805
806
806
807
807
808
808
809
809
810
810
811
811
812
812
813
813
814
814
815
815
816
816
817
817
818
818
819
819
820
820
821
821
822
822
823
823
824
824
825
825
826
826
827
827
828
828
829
829
830
830
831
831
832
832
833
833
834
834
835
835
836
836
837
837
838
838
839
839
840
840
841
841
842
842
843
843
844
844
845
845
846
846
847
847
848
848
849
849
850
850
851
851
852
852
853
853
854
854
855
855
856
856
857
857
858
858
859
859
860
860
861
861
862
862
863
863
864
864
865
865
866
866
867
867
868
868
869
869
870
870
871
871
872
872
873
873
874
874
875
875
876
876
877
877
878
878
879
880
880
881
881
882
882
883
883
884
884
885
885
886
886
887
887
888
888
889
889
890
890
891
891
892
892
893
893
894
894
895
895
896
896
897
897
898
898
899
899
900
900
901
901
902
902
903
903
904
904
905
905
906
906
907
907
908
908
909
909
910
910
911
911
912
912
913
913
914
914
915
915
916
916
917
917
918
918
919
919
920
920
921
921
922
922
923
923
924
924
925
925
926
926
927
927
928
928
929
929
930
930
931
931
932
932
933
933
934
934
935
935
936
936
937
937
938
938
939
939
940
940
941
941
942
942
943
943
944
944
945
945
946
946
947
947
948
948
949
949
950
950
951
951
952
952
953
953
954
954
955
955
956
956
957
957
958
958
959
960
960
961
961
962
962
963
963
964
964
965
965
966
966
967
967
968
968
969
969
970
970
971
971
972
972
973
973
974
974
975
975
976
976
977
977
978
978
979
979
980
980
981
981
982
982
983
983
984
984
985
985
986
986
987
987
988
988
989
989
990
990
991
991
992
992
993
993
994
994
995
995
996
996
997
997
998
998
999
999
1000
1000
1001
1001
1002
1002
1003
1003
1004
1004
1005
1005
1006
1006
1007
1007
1008
1008
1009
1009
1010
1010
1011
1011
1012
1012
1013
1013
1014
1014
1015
1015
1016
1016
1017
1017
1018
1018
1019
1019
1020
1020
1021
1021
1022
1022
1023
1023
1024
1024
1025
1025
1026
1026
1027
1027
1028
1028
1029
1029
1030
1030
1031
1031
1032
1032
1033
1033
1034
1034
1035
1035
1036
1036
1037
1037
1038
1038
1039
1040
1040
1041
1041
1042
1042
1043
1043
1044
1044
1045
1045
1046
1046
1047
1047
1048
1048
1049
1049
1050
1050
1051
1051
1052
1052
1053
1053
1054
1054
1055
1055
1056
1056
1057
1057
1058
1058
1059
1059
1060
1060
1061
1061
1062
1062
1063
1063
1064
1064
1065
1065
1066
1066
1067
1067
1068
1068
1069
1069
1070
1070
1071
1071
1072
1072
1073
1073
1074
1074
1075
1075
1076
1076
1077
1077
1078
1078
1079
1079
1080
1080
1081
1081
1082
1082
1083
1083
1084
1084
1085
1085
1086
1086
1087
1087
1088
1088
1089
1089
1090
1090
1091
1091
1092
1092
1093
1093
1094
1094
1095
1095
1096
1096
1097
1097
1098
1098
1099
1099
1100
1100
1101
1101
1102
1102
1103
1103
1104
1104
1105
1105
1106
1106
1107
1107
1108
1108
1109
1109
1110
1110
1111
1111
1112
1112
1113
1113
1114
1114
1115
1115
1116
1116
1117
1117
1118
1118
1119
1120
1121
1122
1123
1124
1125
1126
1127
1128
1129
1130
1131
1132
1133
1134
1135
1136
1137
1138
1139
1140
1141
1142
1143
1144
1145
1146
1147
1148
1149
1150
1151
1152
1153
1154
1155
1156
1157
1158
1159
1160
1161
1162
1163
1164
1165
1166
1167
1168
1169
1170
1171
1172
1173
1174
1175
1176
1177
1178
1179
1180
1181
1182
1183
1184
1185
1186
1187
1188
1189
1190
1191
1192
1193
1194
1195
1196
1197
1198
79
159
239
319
399
479
559
639
719
799
879
959
1039
1119
1199
0
80
160
240
320
400
480
560
640
720
800
880
960
1040
1120
1120
1121
1122
1123
1124
1125
1126
1127
1128
1129
1130
1131
1132
1133
1134
1135
1136
1137
1138
1139
1140
1141
1142
1143
1144
1145
1146
1147
1148
1149
1150
1151
1152
1153
1154
1155
1156
1157
1158
1159
1160
1161
1162
1163
1164
1165
1166
1167
1168
1169
1170
1171
1172
1173
1174
1175
1176
1177
1178
1179
1180
1181
1182
1183
1184
1185
1186
1187
1188
1189
1190
1191
1192
1193
1194
1195
1196
1197
1198
1199
0
1
2
3
4
5
6
7
8
9
10
11
12
13
14
15
16
17
18
19
20
21
22
23
24
25
26
27
28
29
30
31
32
33
34
35
36
37
38
39
40
41
42
43
44
45
46
47
48
49
50
51
52
53
54
55
56
57
58
59
60
61
62
63
64
65
66
67
68
69
70
71
72
73
74
75
76
77
78
79
0
80
160
240
320
400
480
560
640
720
800
880
960
1040
1120
1
81
161
241
321
401
481
561
641
721
801
881
961
1041
1121
2
82
162
242
322
402
482
562
642
722
802
882
962
1042
1122
3
83
163
243
323
403
483
563
643
723
803
883
963
1043
1123
4
84
164
244
324
404
484
564
644
724
804
884
964
1044
1124
5
85
165
245
325
405
485
565
645
725
805
885
965
1045
1125
6
86
166
246
326
406
486
566
646
726
806
886
966
1046
1126
7
87
167
247
327
407
487
567
647
727
807
887
967
1047
1127
8
88
168
248
328
408
488
568
648
728
808
888
968
1048
1128
9
89
169
249
329
409
489
569
649
729
809
889
969
1049
1129
10
90
170
250
330
410
490
570
650
730
810
890
970
1050
1130
11
91
171
251
331
411
491
571
651
731
811
891
971
1051
1131
12
92
172
252
332
412
492
572
652
732
812
892
972
1052
1132
13
93
173
253
333
413
493
573
653
733
813
893
973
1053
1133
14
94
174
254
334
414
494
574
654
734
814
894
974
1054
1134
15
95
175
255
335
415
495
575
655
735
815
895
975
1055
1135
16
96
176
256
336
416
496
576
656
736
816
896
976
1056
1136
17
97
177
257
337
417
497
577
657
737
817
897
977
1057
1137
18
98
178
258
338
418
498
578
658
738
818
898
978
1058
1138
19
99
179
259
339
419
499
579
659
739
819
899
979
1059
1139
20
100
180
260
340
420
500
580
660
740
820
900
980
1060
1140
21
101
181
261
341
421
501
581
661
741
821
901
981
1061
1141
22
102
182
262
342
422
502
582
662
742
822
902
982
1062
1142
23
103
183
263
343
423
503
583
663
743
823
903
983
1063
1143
24
104
184
264
344
424
504
584
664
744
824
904
984
1064
1144
25
105
185
265
345
425
505
585
665
745
825
905
985
1065
1145
26
106
186
266
346
426
506
586
666
746
826
906
986
1066
1146
27
107
187
267
347
427
507
587
667
747
827
907
987
1067
1147
28
108
188
268
348
428
508
588
668
748
828
908
988
1068
1148
29
109
189
269
349
429
509
589
669
749
829
909
989
1069
1149
30
110
190
270
350
430
510
590
670
750
830
910
990
1070
1150
31
111
191
271
351
431
511
591
671
751
831
911
991
1071
1151
32
112
192
272
352
432
512
592
672
752
832
912
992
1072
1152
33
113
193
273
353
433
513
593
673
753
833
913
993
1073
1153
34
114
194
274
354
434
514
594
674
754
834
914
994
1074
1154
35
115
195
275
355
435
515
595
675
755
835
915
995
1075
1155
36
116
196
276
356
436
516
596
676
756
836
916
996
1076
1156
37
117
197
277
357
437
517
597
677
757
837
917
997
1077
1157
38
118
198
278
358
438
518
598
678
758
838
918
998
1078
1158
39
119
199
279
359
439
519
599
679
759
839
919
999
1079
1159
40
120
200
280
360
440
520
600
680
760
840
920
1000
1080
1160
41
121
201
281
361
441
521
601
681
761
841
921
1001
1081
1161
42
122
202
282
362
442
522
602
682
762
842
922
1002
1082
1162
43
123
203
283
363
443
523
603
683
763
843
923
1003
1083
1163
44
124
204
284
364
444
524
604
684
764
844
924
1004
1084
1164
45
125
205
285
365
445
525
605
685
765
845
925
1005
1085
1165
46
126
206
286
366
446
526
606
686
766
846
926
1006
1086
1166
47
127
207
287
367
447
527
607
687
767
847
927
1007
1087
1167
48
128
208
288
368
448
528
608
688
768
848
928
1008
1088
1168
49
129
209
289
369
449
529
609
689
769
849
929
1009
1089
1169
50
130
210
290
370
450
530
610
690
770
850
930
1010
1090
1170
51
131
211
291
371
451
531
611
691
771
851
931
1011
1091
1171
52
132
212
292
372
452
532
612
692
772
852
932
1012
1092
1172
53
133
213
293
373
453
533
613
693
773
853
933
1013
1093
1173
54
134
214
294
374
454
534
614
694
774
854
934
1014
1094
1174
55
135
215
295
375
455
535
615
695
775
855
935
1015
1095
1175
56
136
216
296
376
456
536
616
696
776
856
936
1016
1096
1176
57
137
217
297
377
457
537
617
697
777
857
937
1017
1097
1177
58
138
218
298
378
458
538
618
698
778
858
938
1018
1098
1178
59
139
219
299
379
459
539
619
699
779
859
939
1019
1099
1179
60
140
220
300
380
460
540
620
700
780
860
940
1020
1100
1180
61
141
221
301
381
461
541
621
701
781
861
941
1021
1101
1181
62
142
222
302
382
462
542
622
702
782
862
942
1022
1102
1182
63
143
223
303
383
463
543
623
703
783
863
943
1023
1103
1183
64
144
224
304
384
464
544
624
704
784
864
944
1024
1104
1184
65
145
225
305
385
465
545
625
705
785
865
945
1025
1105
1185
66
146
226
306
386
466
546
626
706
786
866
946
1026
1106
1186
67
147
227
307
387
467
547
627
707
787
867
947
1027
1107
1187
68
148
228
308
388
468
548
628
708
788
868
948
1028
1108
1188
69
149
229
309
389
469
549
629
709
789
869
949
1029
1109
1189
70
150
230
310
390
470
550
630
710
790
870
950
1030
1110
1190
71
151
231
311
391
471
551
631
711
791
871
951
1031
1111
1191
72
152
232
312
392
472
552
632
712
792
872
952
1032
1112
1192
73
153
233
313
393
473
553
633
713
793
873
953
1033
1113
1193
74
154
234
314
394
474
554
634
714
794
874
954
1034
1114
1194
75
155
235
315
395
475
555
635
715
795
875
955
1035
1115
1195
76
156
236
316
396
476
556
636
716
796
876
956
1036
1116
1196
77
157
237
317
397
477
557
637
717
797
877
957
1037
1117
1197
78
158
238
318
398
478
558
638
718
798
878
958
1038
1118
1198
79
159
239
319
399
479
559
639
719
799
879
959
1039
1119
1199
0
80
160
240
320
400
480
560
640
720
800
880
960
1040
1120
1
81
161
241
321
401
481
561
641
721
801
881
961
1041
1121
2
82
162
242
322
402
482
562
642
722
802
882
962
1042
1122
3
83
163
243
323
403
483
563
643
723
803
883
963
1043
1123
4
84
164
244
324
404
484
564
644
724
804
884
964
1044
1124
5
85
165
245
325
405
485
565
645
725
805
885
965
1045
1125
6
86
166
246
326
406
486
566
646
726
806
886
966
1046
1126
7
87
167
247
327
407
487
567
647
727
807
887
967
1047
1127
8
88
168
248
328
408
488
568
648
728
808
888
968
1048
1128
9
89
169
249
329
409
489
569
649
729
809
889
969
1049
1129
10
90
170
250
330
410
490
570
650
730
810
890
970
1050
1130
11
91
171
251
331
411
491
571
651
731
811
891
971
1051
1131
12
92
172
252
332
412
492
572
652
732
812
892
972
1052
1132
13
93
173
253
333
413
493
573
653
733
813
893
973
1053
1133
14
94
174
254
334
414
494
574
654
734
814
894
974
1054
1134
15
95
175
255
335
415
495
575
655
735
815
895
975
1055
1135
16
96
176
256
336
416
496
576
656
736
816
896
976
1056
1136
17
97
177
257
337
417
497
577
657
737
817
897
977
1057
1137
18
98
178
258
338
418
498
578
658
738
818
898
978
1058
1138
19
99
179
259
339
419
499
579
659
739
819
899
979
1059
1139
20
100
180
260
340
420
500
580
660
740
820
900
980
1060
1140
21
101
181
261
341
421
501
581
661
741
821
901
981
1061
1141
22
102
182
262
342
422
502
582
662
742
822
902
982
1062
1142
23
103
183
263
343
423
503
583
663
743
823
903
983
1063
1143
24
104
184
264
344
424
504
584
664
744
824
904
984
1064
1144
25
105
185
265
345
425
505
585
665
745
825
905
985
1065
1145
26
106
186
266
346
426
506
586
666
746
826
906
986
1066
1146
27
107
187
267
347
427
507
587
667
747
827
907
987
1067
1147
28
108
188
268
348
428
508
588
668
748
828
908
988
1068
1148
29
109
189
269
349
429
509
589
669
749
829
909
989
1069
1149
30
110
190
270
350
430
510
590
670
750
830
910
990
1070
1150
31
111
191
271
351
431
511
591
671
751
831
911
991
1071
1151
32
112
192
272
352
432
512
592
672
752
832
912
992
1072
1152
33
113
193
273
353
433
513
593
673
753
833
913
993
1073
1153
34
114
194
274
354
434
514
594
674
754
834
914
994
1074
1154
35
115
195
275
355
435
515
595
675
755
835
915
995
1075
1155
36
116
196
276
356
436
516
596
676
756
836
916
996
1076
1156
37
117
197
277
357
437
517
597
677
757
837
917
997
1077
1157
38
118
198
278
358
438
518
598
678
758
838
918
998
1078
1158
39
119
199
279
359
439
519
599
679
759
839
919
999
1079
1159
40
120
200
280
360
440
520
600
680
760
840
920
1000
1080
1160
41
121
201
281
361
441
521
601
681
761
841
921
1001
1081
1161
42
122
202
282
362
442
522
602
682
762
842
922
1002
1082
1162
43
123
203
283
363
443
523
603
683
763
843
923
1003
1083
1163
44
124
204
284
364
444
524
604
684
764
844
924
1004
1084
1164
45
125
205
285
365
445
525
605
685
765
845
925
1005
1085
1165
46
126
206
286
366
446
526
606
686
766
846
926
1006
1086
1166
47
127
207
287
367
447
527
607
687
767
847
927
1007
1087
1167
48
128
208
288
368
448
528
608
688
768
848
928
1008
1088
1168
49
129
209
289
369
449
529
609
689
769
849
929
1009
1089
1169
50
130
210
290
370
450
530
610
690
770
850
930
1010
1090
1170
51
131
211
291
371
451
531
611
691
771
851
931
1011
1091
1171
52
132
212
292
372
452
532
612
692
772
852
932
1012
1092
1172
53
133
213
293
373
453
533
613
693
773
853
933
1013
1093
1173
54
134
214
294
374
454
534
614
694
774
854
934
1014
1094
1174
55
135
215
295
375
455
535
615
695
775
855
935
1015
1095
1175
56
136
216
296
376
456
536
616
696
776
856
936
1016
1096
1176
57
137
217
297
377
457
537
617
697
777
857
937
1017
1097
1177
58
138
218
298
378
458
538
618
698
778
858
938
1018
1098
1178
59
139
219
299
379
459
539
619
699
779
859
939
1019
1099
1179
60
140
220
300
380
460
540
620
700
780
860
940
1020
1100
1180
61
141
221
301
381
461
541
621
701
781
861
941
1021
1101
1181
62
142
222
302
382
462
542
622
702
782
862
942
1022
1102
1182
63
143
223
303
383
463
543
623
703
783
863
943
1023
1103
1183
64
144
224
304
384
464
544
624
704
784
864
944
1024
1104
1184
65
145
225
305
385
465
545
625
705
785
865
945
1025
1105
1185
66
146
226
306
386
466
546
626
706
786
866
946
1026
1106
1186
67
147
227
307
387
467
547
627
707
787
867
947
1027
1107
1187
68
148
228
308
388
468
548
628
708
788
868
948
1028
1108
1188
69
149
229
309
389
469
549
629
709
789
869
949
1029
1109
1189
70
150
230
310
390
470
550
630
710
790
870
950
1030
1110
1190
71
151
231
311
391
471
551
631
711
791
871
951
1031
1111
1191
72
152
232
312
392
472
552
632
712
792
872
952
1032
1112
1192
73
153
233
313
393
473
553
633
713
793
873
953
1033
1113
1193
74
154
234
314
394
474
554
634
714
794
874
954
1034
1114
1194
75
155
235
315
395
475
555
635
715
795
875
955
1035
1115
1195
76
156
236
316
396
476
556
636
716
796
876
956
1036
1116
1196
77
157
237
317
397
477
557
637
717
797
877
957
1037
1117
1197
78
158
238
318
398
478
558
638
718
798
878
958
1038
1118
1198
79
159
239
319
399
479
559
639
719
799
879
959
1039
1119
1199
)


// ************************************************************************* //
