/*--------------------------------*- C++ -*----------------------------------*\
| =========                 |                                                 |
| \\      /  F ield         | OpenFOAM: The Open Source CFD Toolbox           |
|  \\    /   O peration     | Version:  2.4.0                                 |
|   \\  /    A nd           | Web:      www.OpenFOAM.org                      |
|    \\/     M anipulation  |                                                 |
\*---------------------------------------------------------------------------*/
FoamFile
{
    version     2.0;
    format      ascii;
    class       vectorField;
    location    "constant/polyMesh";
    object      points;
}
// * * * * * * * * * * * * * * * * * * * * * * * * * * * * * * * * * * * * * //


2592
(
(-0.015 -0.003 -0.001)
(-0.014625 -0.003 -0.001)
(-0.01425 -0.003 -0.001)
(-0.013875 -0.003 -0.001)
(-0.0135 -0.003 -0.001)
(-0.013125 -0.003 -0.001)
(-0.01275 -0.003 -0.001)
(-0.012375 -0.003 -0.001)
(-0.012 -0.003 -0.001)
(-0.011625 -0.003 -0.001)
(-0.01125 -0.003 -0.001)
(-0.010875 -0.003 -0.001)
(-0.0105 -0.003 -0.001)
(-0.010125 -0.003 -0.001)
(-0.00975 -0.003 -0.001)
(-0.009375 -0.003 -0.001)
(-0.009 -0.003 -0.001)
(-0.008625 -0.003 -0.001)
(-0.00825 -0.003 -0.001)
(-0.007875 -0.003 -0.001)
(-0.0075 -0.003 -0.001)
(-0.007125 -0.003 -0.001)
(-0.00675 -0.003 -0.001)
(-0.006375 -0.003 -0.001)
(-0.006 -0.003 -0.001)
(-0.005625 -0.003 -0.001)
(-0.00525 -0.003 -0.001)
(-0.004875 -0.003 -0.001)
(-0.0045 -0.003 -0.001)
(-0.004125 -0.003 -0.001)
(-0.00375 -0.003 -0.001)
(-0.003375 -0.003 -0.001)
(-0.003 -0.003 -0.001)
(-0.002625 -0.003 -0.001)
(-0.00225 -0.003 -0.001)
(-0.001875 -0.003 -0.001)
(-0.0015 -0.003 -0.001)
(-0.001125 -0.003 -0.001)
(-0.00075 -0.003 -0.001)
(-0.000375 -0.003 -0.001)
(0 -0.003 -0.001)
(0.000375 -0.003 -0.001)
(0.00075 -0.003 -0.001)
(0.001125 -0.003 -0.001)
(0.0015 -0.003 -0.001)
(0.001875 -0.003 -0.001)
(0.00225 -0.003 -0.001)
(0.002625 -0.003 -0.001)
(0.003 -0.003 -0.001)
(0.003375 -0.003 -0.001)
(0.00375 -0.003 -0.001)
(0.004125 -0.003 -0.001)
(0.0045 -0.003 -0.001)
(0.004875 -0.003 -0.001)
(0.00525 -0.003 -0.001)
(0.005625 -0.003 -0.001)
(0.006 -0.003 -0.001)
(0.006375 -0.003 -0.001)
(0.00675 -0.003 -0.001)
(0.007125 -0.003 -0.001)
(0.0075 -0.003 -0.001)
(0.007875 -0.003 -0.001)
(0.00825 -0.003 -0.001)
(0.008625 -0.003 -0.001)
(0.009 -0.003 -0.001)
(0.009375 -0.003 -0.001)
(0.00975 -0.003 -0.001)
(0.010125 -0.003 -0.001)
(0.0105 -0.003 -0.001)
(0.010875 -0.003 -0.001)
(0.01125 -0.003 -0.001)
(0.011625 -0.003 -0.001)
(0.012 -0.003 -0.001)
(0.012375 -0.003 -0.001)
(0.01275 -0.003 -0.001)
(0.013125 -0.003 -0.001)
(0.0135 -0.003 -0.001)
(0.013875 -0.003 -0.001)
(0.01425 -0.003 -0.001)
(0.014625 -0.003 -0.001)
(0.015 -0.003 -0.001)
(-0.015 -0.0026 -0.001)
(-0.014625 -0.0026 -0.001)
(-0.01425 -0.0026 -0.001)
(-0.013875 -0.0026 -0.001)
(-0.0135 -0.0026 -0.001)
(-0.013125 -0.0026 -0.001)
(-0.01275 -0.0026 -0.001)
(-0.012375 -0.0026 -0.001)
(-0.012 -0.0026 -0.001)
(-0.011625 -0.0026 -0.001)
(-0.01125 -0.0026 -0.001)
(-0.010875 -0.0026 -0.001)
(-0.0105 -0.0026 -0.001)
(-0.010125 -0.0026 -0.001)
(-0.00975 -0.0026 -0.001)
(-0.009375 -0.0026 -0.001)
(-0.009 -0.0026 -0.001)
(-0.008625 -0.0026 -0.001)
(-0.00825 -0.0026 -0.001)
(-0.007875 -0.0026 -0.001)
(-0.0075 -0.0026 -0.001)
(-0.007125 -0.0026 -0.001)
(-0.00675 -0.0026 -0.001)
(-0.006375 -0.0026 -0.001)
(-0.006 -0.0026 -0.001)
(-0.005625 -0.0026 -0.001)
(-0.00525 -0.0026 -0.001)
(-0.004875 -0.0026 -0.001)
(-0.0045 -0.0026 -0.001)
(-0.004125 -0.0026 -0.001)
(-0.00375 -0.0026 -0.001)
(-0.003375 -0.0026 -0.001)
(-0.003 -0.0026 -0.001)
(-0.002625 -0.0026 -0.001)
(-0.00225 -0.0026 -0.001)
(-0.001875 -0.0026 -0.001)
(-0.0015 -0.0026 -0.001)
(-0.001125 -0.0026 -0.001)
(-0.00075 -0.0026 -0.001)
(-0.000375 -0.0026 -0.001)
(0 -0.0026 -0.001)
(0.000375 -0.0026 -0.001)
(0.00075 -0.0026 -0.001)
(0.001125 -0.0026 -0.001)
(0.0015 -0.0026 -0.001)
(0.001875 -0.0026 -0.001)
(0.00225 -0.0026 -0.001)
(0.002625 -0.0026 -0.001)
(0.003 -0.0026 -0.001)
(0.003375 -0.0026 -0.001)
(0.00375 -0.0026 -0.001)
(0.004125 -0.0026 -0.001)
(0.0045 -0.0026 -0.001)
(0.004875 -0.0026 -0.001)
(0.00525 -0.0026 -0.001)
(0.005625 -0.0026 -0.001)
(0.006 -0.0026 -0.001)
(0.006375 -0.0026 -0.001)
(0.00675 -0.0026 -0.001)
(0.007125 -0.0026 -0.001)
(0.0075 -0.0026 -0.001)
(0.007875 -0.0026 -0.001)
(0.00825 -0.0026 -0.001)
(0.008625 -0.0026 -0.001)
(0.009 -0.0026 -0.001)
(0.009375 -0.0026 -0.001)
(0.00975 -0.0026 -0.001)
(0.010125 -0.0026 -0.001)
(0.0105 -0.0026 -0.001)
(0.010875 -0.0026 -0.001)
(0.01125 -0.0026 -0.001)
(0.011625 -0.0026 -0.001)
(0.012 -0.0026 -0.001)
(0.012375 -0.0026 -0.001)
(0.01275 -0.0026 -0.001)
(0.013125 -0.0026 -0.001)
(0.0135 -0.0026 -0.001)
(0.013875 -0.0026 -0.001)
(0.01425 -0.0026 -0.001)
(0.014625 -0.0026 -0.001)
(0.015 -0.0026 -0.001)
(-0.015 -0.0022 -0.001)
(-0.014625 -0.0022 -0.001)
(-0.01425 -0.0022 -0.001)
(-0.013875 -0.0022 -0.001)
(-0.0135 -0.0022 -0.001)
(-0.013125 -0.0022 -0.001)
(-0.01275 -0.0022 -0.001)
(-0.012375 -0.0022 -0.001)
(-0.012 -0.0022 -0.001)
(-0.011625 -0.0022 -0.001)
(-0.01125 -0.0022 -0.001)
(-0.010875 -0.0022 -0.001)
(-0.0105 -0.0022 -0.001)
(-0.010125 -0.0022 -0.001)
(-0.00975 -0.0022 -0.001)
(-0.009375 -0.0022 -0.001)
(-0.009 -0.0022 -0.001)
(-0.008625 -0.0022 -0.001)
(-0.00825 -0.0022 -0.001)
(-0.007875 -0.0022 -0.001)
(-0.0075 -0.0022 -0.001)
(-0.007125 -0.0022 -0.001)
(-0.00675 -0.0022 -0.001)
(-0.006375 -0.0022 -0.001)
(-0.006 -0.0022 -0.001)
(-0.005625 -0.0022 -0.001)
(-0.00525 -0.0022 -0.001)
(-0.004875 -0.0022 -0.001)
(-0.0045 -0.0022 -0.001)
(-0.004125 -0.0022 -0.001)
(-0.00375 -0.0022 -0.001)
(-0.003375 -0.0022 -0.001)
(-0.003 -0.0022 -0.001)
(-0.002625 -0.0022 -0.001)
(-0.00225 -0.0022 -0.001)
(-0.001875 -0.0022 -0.001)
(-0.0015 -0.0022 -0.001)
(-0.001125 -0.0022 -0.001)
(-0.00075 -0.0022 -0.001)
(-0.000375 -0.0022 -0.001)
(0 -0.0022 -0.001)
(0.000375 -0.0022 -0.001)
(0.00075 -0.0022 -0.001)
(0.001125 -0.0022 -0.001)
(0.0015 -0.0022 -0.001)
(0.001875 -0.0022 -0.001)
(0.00225 -0.0022 -0.001)
(0.002625 -0.0022 -0.001)
(0.003 -0.0022 -0.001)
(0.003375 -0.0022 -0.001)
(0.00375 -0.0022 -0.001)
(0.004125 -0.0022 -0.001)
(0.0045 -0.0022 -0.001)
(0.004875 -0.0022 -0.001)
(0.00525 -0.0022 -0.001)
(0.005625 -0.0022 -0.001)
(0.006 -0.0022 -0.001)
(0.006375 -0.0022 -0.001)
(0.00675 -0.0022 -0.001)
(0.007125 -0.0022 -0.001)
(0.0075 -0.0022 -0.001)
(0.007875 -0.0022 -0.001)
(0.00825 -0.0022 -0.001)
(0.008625 -0.0022 -0.001)
(0.009 -0.0022 -0.001)
(0.009375 -0.0022 -0.001)
(0.00975 -0.0022 -0.001)
(0.010125 -0.0022 -0.001)
(0.0105 -0.0022 -0.001)
(0.010875 -0.0022 -0.001)
(0.01125 -0.0022 -0.001)
(0.011625 -0.0022 -0.001)
(0.012 -0.0022 -0.001)
(0.012375 -0.0022 -0.001)
(0.01275 -0.0022 -0.001)
(0.013125 -0.0022 -0.001)
(0.0135 -0.0022 -0.001)
(0.013875 -0.0022 -0.001)
(0.01425 -0.0022 -0.001)
(0.014625 -0.0022 -0.001)
(0.015 -0.0022 -0.001)
(-0.015 -0.0018 -0.001)
(-0.014625 -0.0018 -0.001)
(-0.01425 -0.0018 -0.001)
(-0.013875 -0.0018 -0.001)
(-0.0135 -0.0018 -0.001)
(-0.013125 -0.0018 -0.001)
(-0.01275 -0.0018 -0.001)
(-0.012375 -0.0018 -0.001)
(-0.012 -0.0018 -0.001)
(-0.011625 -0.0018 -0.001)
(-0.01125 -0.0018 -0.001)
(-0.010875 -0.0018 -0.001)
(-0.0105 -0.0018 -0.001)
(-0.010125 -0.0018 -0.001)
(-0.00975 -0.0018 -0.001)
(-0.009375 -0.0018 -0.001)
(-0.009 -0.0018 -0.001)
(-0.008625 -0.0018 -0.001)
(-0.00825 -0.0018 -0.001)
(-0.007875 -0.0018 -0.001)
(-0.0075 -0.0018 -0.001)
(-0.007125 -0.0018 -0.001)
(-0.00675 -0.0018 -0.001)
(-0.006375 -0.0018 -0.001)
(-0.006 -0.0018 -0.001)
(-0.005625 -0.0018 -0.001)
(-0.00525 -0.0018 -0.001)
(-0.004875 -0.0018 -0.001)
(-0.0045 -0.0018 -0.001)
(-0.004125 -0.0018 -0.001)
(-0.00375 -0.0018 -0.001)
(-0.003375 -0.0018 -0.001)
(-0.003 -0.0018 -0.001)
(-0.002625 -0.0018 -0.001)
(-0.00225 -0.0018 -0.001)
(-0.001875 -0.0018 -0.001)
(-0.0015 -0.0018 -0.001)
(-0.001125 -0.0018 -0.001)
(-0.00075 -0.0018 -0.001)
(-0.000375 -0.0018 -0.001)
(0 -0.0018 -0.001)
(0.000375 -0.0018 -0.001)
(0.00075 -0.0018 -0.001)
(0.001125 -0.0018 -0.001)
(0.0015 -0.0018 -0.001)
(0.001875 -0.0018 -0.001)
(0.00225 -0.0018 -0.001)
(0.002625 -0.0018 -0.001)
(0.003 -0.0018 -0.001)
(0.003375 -0.0018 -0.001)
(0.00375 -0.0018 -0.001)
(0.004125 -0.0018 -0.001)
(0.0045 -0.0018 -0.001)
(0.004875 -0.0018 -0.001)
(0.00525 -0.0018 -0.001)
(0.005625 -0.0018 -0.001)
(0.006 -0.0018 -0.001)
(0.006375 -0.0018 -0.001)
(0.00675 -0.0018 -0.001)
(0.007125 -0.0018 -0.001)
(0.0075 -0.0018 -0.001)
(0.007875 -0.0018 -0.001)
(0.00825 -0.0018 -0.001)
(0.008625 -0.0018 -0.001)
(0.009 -0.0018 -0.001)
(0.009375 -0.0018 -0.001)
(0.00975 -0.0018 -0.001)
(0.010125 -0.0018 -0.001)
(0.0105 -0.0018 -0.001)
(0.010875 -0.0018 -0.001)
(0.01125 -0.0018 -0.001)
(0.011625 -0.0018 -0.001)
(0.012 -0.0018 -0.001)
(0.012375 -0.0018 -0.001)
(0.01275 -0.0018 -0.001)
(0.013125 -0.0018 -0.001)
(0.0135 -0.0018 -0.001)
(0.013875 -0.0018 -0.001)
(0.01425 -0.0018 -0.001)
(0.014625 -0.0018 -0.001)
(0.015 -0.0018 -0.001)
(-0.015 -0.0014 -0.001)
(-0.014625 -0.0014 -0.001)
(-0.01425 -0.0014 -0.001)
(-0.013875 -0.0014 -0.001)
(-0.0135 -0.0014 -0.001)
(-0.013125 -0.0014 -0.001)
(-0.01275 -0.0014 -0.001)
(-0.012375 -0.0014 -0.001)
(-0.012 -0.0014 -0.001)
(-0.011625 -0.0014 -0.001)
(-0.01125 -0.0014 -0.001)
(-0.010875 -0.0014 -0.001)
(-0.0105 -0.0014 -0.001)
(-0.010125 -0.0014 -0.001)
(-0.00975 -0.0014 -0.001)
(-0.009375 -0.0014 -0.001)
(-0.009 -0.0014 -0.001)
(-0.008625 -0.0014 -0.001)
(-0.00825 -0.0014 -0.001)
(-0.007875 -0.0014 -0.001)
(-0.0075 -0.0014 -0.001)
(-0.007125 -0.0014 -0.001)
(-0.00675 -0.0014 -0.001)
(-0.006375 -0.0014 -0.001)
(-0.006 -0.0014 -0.001)
(-0.005625 -0.0014 -0.001)
(-0.00525 -0.0014 -0.001)
(-0.004875 -0.0014 -0.001)
(-0.0045 -0.0014 -0.001)
(-0.004125 -0.0014 -0.001)
(-0.00375 -0.0014 -0.001)
(-0.003375 -0.0014 -0.001)
(-0.003 -0.0014 -0.001)
(-0.002625 -0.0014 -0.001)
(-0.00225 -0.0014 -0.001)
(-0.001875 -0.0014 -0.001)
(-0.0015 -0.0014 -0.001)
(-0.001125 -0.0014 -0.001)
(-0.00075 -0.0014 -0.001)
(-0.000375 -0.0014 -0.001)
(0 -0.0014 -0.001)
(0.000375 -0.0014 -0.001)
(0.00075 -0.0014 -0.001)
(0.001125 -0.0014 -0.001)
(0.0015 -0.0014 -0.001)
(0.001875 -0.0014 -0.001)
(0.00225 -0.0014 -0.001)
(0.002625 -0.0014 -0.001)
(0.003 -0.0014 -0.001)
(0.003375 -0.0014 -0.001)
(0.00375 -0.0014 -0.001)
(0.004125 -0.0014 -0.001)
(0.0045 -0.0014 -0.001)
(0.004875 -0.0014 -0.001)
(0.00525 -0.0014 -0.001)
(0.005625 -0.0014 -0.001)
(0.006 -0.0014 -0.001)
(0.006375 -0.0014 -0.001)
(0.00675 -0.0014 -0.001)
(0.007125 -0.0014 -0.001)
(0.0075 -0.0014 -0.001)
(0.007875 -0.0014 -0.001)
(0.00825 -0.0014 -0.001)
(0.008625 -0.0014 -0.001)
(0.009 -0.0014 -0.001)
(0.009375 -0.0014 -0.001)
(0.00975 -0.0014 -0.001)
(0.010125 -0.0014 -0.001)
(0.0105 -0.0014 -0.001)
(0.010875 -0.0014 -0.001)
(0.01125 -0.0014 -0.001)
(0.011625 -0.0014 -0.001)
(0.012 -0.0014 -0.001)
(0.012375 -0.0014 -0.001)
(0.01275 -0.0014 -0.001)
(0.013125 -0.0014 -0.001)
(0.0135 -0.0014 -0.001)
(0.013875 -0.0014 -0.001)
(0.01425 -0.0014 -0.001)
(0.014625 -0.0014 -0.001)
(0.015 -0.0014 -0.001)
(-0.015 -0.001 -0.001)
(-0.014625 -0.001 -0.001)
(-0.01425 -0.001 -0.001)
(-0.013875 -0.001 -0.001)
(-0.0135 -0.001 -0.001)
(-0.013125 -0.001 -0.001)
(-0.01275 -0.001 -0.001)
(-0.012375 -0.001 -0.001)
(-0.012 -0.001 -0.001)
(-0.011625 -0.001 -0.001)
(-0.01125 -0.001 -0.001)
(-0.010875 -0.001 -0.001)
(-0.0105 -0.001 -0.001)
(-0.010125 -0.001 -0.001)
(-0.00975 -0.001 -0.001)
(-0.009375 -0.001 -0.001)
(-0.009 -0.001 -0.001)
(-0.008625 -0.001 -0.001)
(-0.00825 -0.001 -0.001)
(-0.007875 -0.001 -0.001)
(-0.0075 -0.001 -0.001)
(-0.007125 -0.001 -0.001)
(-0.00675 -0.001 -0.001)
(-0.006375 -0.001 -0.001)
(-0.006 -0.001 -0.001)
(-0.005625 -0.001 -0.001)
(-0.00525 -0.001 -0.001)
(-0.004875 -0.001 -0.001)
(-0.0045 -0.001 -0.001)
(-0.004125 -0.001 -0.001)
(-0.00375 -0.001 -0.001)
(-0.003375 -0.001 -0.001)
(-0.003 -0.001 -0.001)
(-0.002625 -0.001 -0.001)
(-0.00225 -0.001 -0.001)
(-0.001875 -0.001 -0.001)
(-0.0015 -0.001 -0.001)
(-0.001125 -0.001 -0.001)
(-0.00075 -0.001 -0.001)
(-0.000375 -0.001 -0.001)
(0 -0.001 -0.001)
(0.000375 -0.001 -0.001)
(0.00075 -0.001 -0.001)
(0.001125 -0.001 -0.001)
(0.0015 -0.001 -0.001)
(0.001875 -0.001 -0.001)
(0.00225 -0.001 -0.001)
(0.002625 -0.001 -0.001)
(0.003 -0.001 -0.001)
(0.003375 -0.001 -0.001)
(0.00375 -0.001 -0.001)
(0.004125 -0.001 -0.001)
(0.0045 -0.001 -0.001)
(0.004875 -0.001 -0.001)
(0.00525 -0.001 -0.001)
(0.005625 -0.001 -0.001)
(0.006 -0.001 -0.001)
(0.006375 -0.001 -0.001)
(0.00675 -0.001 -0.001)
(0.007125 -0.001 -0.001)
(0.0075 -0.001 -0.001)
(0.007875 -0.001 -0.001)
(0.00825 -0.001 -0.001)
(0.008625 -0.001 -0.001)
(0.009 -0.001 -0.001)
(0.009375 -0.001 -0.001)
(0.00975 -0.001 -0.001)
(0.010125 -0.001 -0.001)
(0.0105 -0.001 -0.001)
(0.010875 -0.001 -0.001)
(0.01125 -0.001 -0.001)
(0.011625 -0.001 -0.001)
(0.012 -0.001 -0.001)
(0.012375 -0.001 -0.001)
(0.01275 -0.001 -0.001)
(0.013125 -0.001 -0.001)
(0.0135 -0.001 -0.001)
(0.013875 -0.001 -0.001)
(0.01425 -0.001 -0.001)
(0.014625 -0.001 -0.001)
(0.015 -0.001 -0.001)
(-0.015 -0.0006 -0.001)
(-0.014625 -0.0006 -0.001)
(-0.01425 -0.0006 -0.001)
(-0.013875 -0.0006 -0.001)
(-0.0135 -0.0006 -0.001)
(-0.013125 -0.0006 -0.001)
(-0.01275 -0.0006 -0.001)
(-0.012375 -0.0006 -0.001)
(-0.012 -0.0006 -0.001)
(-0.011625 -0.0006 -0.001)
(-0.01125 -0.0006 -0.001)
(-0.010875 -0.0006 -0.001)
(-0.0105 -0.0006 -0.001)
(-0.010125 -0.0006 -0.001)
(-0.00975 -0.0006 -0.001)
(-0.009375 -0.0006 -0.001)
(-0.009 -0.0006 -0.001)
(-0.008625 -0.0006 -0.001)
(-0.00825 -0.0006 -0.001)
(-0.007875 -0.0006 -0.001)
(-0.0075 -0.0006 -0.001)
(-0.007125 -0.0006 -0.001)
(-0.00675 -0.0006 -0.001)
(-0.006375 -0.0006 -0.001)
(-0.006 -0.0006 -0.001)
(-0.005625 -0.0006 -0.001)
(-0.00525 -0.0006 -0.001)
(-0.004875 -0.0006 -0.001)
(-0.0045 -0.0006 -0.001)
(-0.004125 -0.0006 -0.001)
(-0.00375 -0.0006 -0.001)
(-0.003375 -0.0006 -0.001)
(-0.003 -0.0006 -0.001)
(-0.002625 -0.0006 -0.001)
(-0.00225 -0.0006 -0.001)
(-0.001875 -0.0006 -0.001)
(-0.0015 -0.0006 -0.001)
(-0.001125 -0.0006 -0.001)
(-0.00075 -0.0006 -0.001)
(-0.000375 -0.0006 -0.001)
(0 -0.0006 -0.001)
(0.000375 -0.0006 -0.001)
(0.00075 -0.0006 -0.001)
(0.001125 -0.0006 -0.001)
(0.0015 -0.0006 -0.001)
(0.001875 -0.0006 -0.001)
(0.00225 -0.0006 -0.001)
(0.002625 -0.0006 -0.001)
(0.003 -0.0006 -0.001)
(0.003375 -0.0006 -0.001)
(0.00375 -0.0006 -0.001)
(0.004125 -0.0006 -0.001)
(0.0045 -0.0006 -0.001)
(0.004875 -0.0006 -0.001)
(0.00525 -0.0006 -0.001)
(0.005625 -0.0006 -0.001)
(0.006 -0.0006 -0.001)
(0.006375 -0.0006 -0.001)
(0.00675 -0.0006 -0.001)
(0.007125 -0.0006 -0.001)
(0.0075 -0.0006 -0.001)
(0.007875 -0.0006 -0.001)
(0.00825 -0.0006 -0.001)
(0.008625 -0.0006 -0.001)
(0.009 -0.0006 -0.001)
(0.009375 -0.0006 -0.001)
(0.00975 -0.0006 -0.001)
(0.010125 -0.0006 -0.001)
(0.0105 -0.0006 -0.001)
(0.010875 -0.0006 -0.001)
(0.01125 -0.0006 -0.001)
(0.011625 -0.0006 -0.001)
(0.012 -0.0006 -0.001)
(0.012375 -0.0006 -0.001)
(0.01275 -0.0006 -0.001)
(0.013125 -0.0006 -0.001)
(0.0135 -0.0006 -0.001)
(0.013875 -0.0006 -0.001)
(0.01425 -0.0006 -0.001)
(0.014625 -0.0006 -0.001)
(0.015 -0.0006 -0.001)
(-0.015 -0.0002 -0.001)
(-0.014625 -0.0002 -0.001)
(-0.01425 -0.0002 -0.001)
(-0.013875 -0.0002 -0.001)
(-0.0135 -0.0002 -0.001)
(-0.013125 -0.0002 -0.001)
(-0.01275 -0.0002 -0.001)
(-0.012375 -0.0002 -0.001)
(-0.012 -0.0002 -0.001)
(-0.011625 -0.0002 -0.001)
(-0.01125 -0.0002 -0.001)
(-0.010875 -0.0002 -0.001)
(-0.0105 -0.0002 -0.001)
(-0.010125 -0.0002 -0.001)
(-0.00975 -0.0002 -0.001)
(-0.009375 -0.0002 -0.001)
(-0.009 -0.0002 -0.001)
(-0.008625 -0.0002 -0.001)
(-0.00825 -0.0002 -0.001)
(-0.007875 -0.0002 -0.001)
(-0.0075 -0.0002 -0.001)
(-0.007125 -0.0002 -0.001)
(-0.00675 -0.0002 -0.001)
(-0.006375 -0.0002 -0.001)
(-0.006 -0.0002 -0.001)
(-0.005625 -0.0002 -0.001)
(-0.00525 -0.0002 -0.001)
(-0.004875 -0.0002 -0.001)
(-0.0045 -0.0002 -0.001)
(-0.004125 -0.0002 -0.001)
(-0.00375 -0.0002 -0.001)
(-0.003375 -0.0002 -0.001)
(-0.003 -0.0002 -0.001)
(-0.002625 -0.0002 -0.001)
(-0.00225 -0.0002 -0.001)
(-0.001875 -0.0002 -0.001)
(-0.0015 -0.0002 -0.001)
(-0.001125 -0.0002 -0.001)
(-0.00075 -0.0002 -0.001)
(-0.000375 -0.0002 -0.001)
(0 -0.0002 -0.001)
(0.000375 -0.0002 -0.001)
(0.00075 -0.0002 -0.001)
(0.001125 -0.0002 -0.001)
(0.0015 -0.0002 -0.001)
(0.001875 -0.0002 -0.001)
(0.00225 -0.0002 -0.001)
(0.002625 -0.0002 -0.001)
(0.003 -0.0002 -0.001)
(0.003375 -0.0002 -0.001)
(0.00375 -0.0002 -0.001)
(0.004125 -0.0002 -0.001)
(0.0045 -0.0002 -0.001)
(0.004875 -0.0002 -0.001)
(0.00525 -0.0002 -0.001)
(0.005625 -0.0002 -0.001)
(0.006 -0.0002 -0.001)
(0.006375 -0.0002 -0.001)
(0.00675 -0.0002 -0.001)
(0.007125 -0.0002 -0.001)
(0.0075 -0.0002 -0.001)
(0.007875 -0.0002 -0.001)
(0.00825 -0.0002 -0.001)
(0.008625 -0.0002 -0.001)
(0.009 -0.0002 -0.001)
(0.009375 -0.0002 -0.001)
(0.00975 -0.0002 -0.001)
(0.010125 -0.0002 -0.001)
(0.0105 -0.0002 -0.001)
(0.010875 -0.0002 -0.001)
(0.01125 -0.0002 -0.001)
(0.011625 -0.0002 -0.001)
(0.012 -0.0002 -0.001)
(0.012375 -0.0002 -0.001)
(0.01275 -0.0002 -0.001)
(0.013125 -0.0002 -0.001)
(0.0135 -0.0002 -0.001)
(0.013875 -0.0002 -0.001)
(0.01425 -0.0002 -0.001)
(0.014625 -0.0002 -0.001)
(0.015 -0.0002 -0.001)
(-0.015 0.0002 -0.001)
(-0.014625 0.0002 -0.001)
(-0.01425 0.0002 -0.001)
(-0.013875 0.0002 -0.001)
(-0.0135 0.0002 -0.001)
(-0.013125 0.0002 -0.001)
(-0.01275 0.0002 -0.001)
(-0.012375 0.0002 -0.001)
(-0.012 0.0002 -0.001)
(-0.011625 0.0002 -0.001)
(-0.01125 0.0002 -0.001)
(-0.010875 0.0002 -0.001)
(-0.0105 0.0002 -0.001)
(-0.010125 0.0002 -0.001)
(-0.00975 0.0002 -0.001)
(-0.009375 0.0002 -0.001)
(-0.009 0.0002 -0.001)
(-0.008625 0.0002 -0.001)
(-0.00825 0.0002 -0.001)
(-0.007875 0.0002 -0.001)
(-0.0075 0.0002 -0.001)
(-0.007125 0.0002 -0.001)
(-0.00675 0.0002 -0.001)
(-0.006375 0.0002 -0.001)
(-0.006 0.0002 -0.001)
(-0.005625 0.0002 -0.001)
(-0.00525 0.0002 -0.001)
(-0.004875 0.0002 -0.001)
(-0.0045 0.0002 -0.001)
(-0.004125 0.0002 -0.001)
(-0.00375 0.0002 -0.001)
(-0.003375 0.0002 -0.001)
(-0.003 0.0002 -0.001)
(-0.002625 0.0002 -0.001)
(-0.00225 0.0002 -0.001)
(-0.001875 0.0002 -0.001)
(-0.0015 0.0002 -0.001)
(-0.001125 0.0002 -0.001)
(-0.00075 0.0002 -0.001)
(-0.000375 0.0002 -0.001)
(0 0.0002 -0.001)
(0.000375 0.0002 -0.001)
(0.00075 0.0002 -0.001)
(0.001125 0.0002 -0.001)
(0.0015 0.0002 -0.001)
(0.001875 0.0002 -0.001)
(0.00225 0.0002 -0.001)
(0.002625 0.0002 -0.001)
(0.003 0.0002 -0.001)
(0.003375 0.0002 -0.001)
(0.00375 0.0002 -0.001)
(0.004125 0.0002 -0.001)
(0.0045 0.0002 -0.001)
(0.004875 0.0002 -0.001)
(0.00525 0.0002 -0.001)
(0.005625 0.0002 -0.001)
(0.006 0.0002 -0.001)
(0.006375 0.0002 -0.001)
(0.00675 0.0002 -0.001)
(0.007125 0.0002 -0.001)
(0.0075 0.0002 -0.001)
(0.007875 0.0002 -0.001)
(0.00825 0.0002 -0.001)
(0.008625 0.0002 -0.001)
(0.009 0.0002 -0.001)
(0.009375 0.0002 -0.001)
(0.00975 0.0002 -0.001)
(0.010125 0.0002 -0.001)
(0.0105 0.0002 -0.001)
(0.010875 0.0002 -0.001)
(0.01125 0.0002 -0.001)
(0.011625 0.0002 -0.001)
(0.012 0.0002 -0.001)
(0.012375 0.0002 -0.001)
(0.01275 0.0002 -0.001)
(0.013125 0.0002 -0.001)
(0.0135 0.0002 -0.001)
(0.013875 0.0002 -0.001)
(0.01425 0.0002 -0.001)
(0.014625 0.0002 -0.001)
(0.015 0.0002 -0.001)
(-0.015 0.0006 -0.001)
(-0.014625 0.0006 -0.001)
(-0.01425 0.0006 -0.001)
(-0.013875 0.0006 -0.001)
(-0.0135 0.0006 -0.001)
(-0.013125 0.0006 -0.001)
(-0.01275 0.0006 -0.001)
(-0.012375 0.0006 -0.001)
(-0.012 0.0006 -0.001)
(-0.011625 0.0006 -0.001)
(-0.01125 0.0006 -0.001)
(-0.010875 0.0006 -0.001)
(-0.0105 0.0006 -0.001)
(-0.010125 0.0006 -0.001)
(-0.00975 0.0006 -0.001)
(-0.009375 0.0006 -0.001)
(-0.009 0.0006 -0.001)
(-0.008625 0.0006 -0.001)
(-0.00825 0.0006 -0.001)
(-0.007875 0.0006 -0.001)
(-0.0075 0.0006 -0.001)
(-0.007125 0.0006 -0.001)
(-0.00675 0.0006 -0.001)
(-0.006375 0.0006 -0.001)
(-0.006 0.0006 -0.001)
(-0.005625 0.0006 -0.001)
(-0.00525 0.0006 -0.001)
(-0.004875 0.0006 -0.001)
(-0.0045 0.0006 -0.001)
(-0.004125 0.0006 -0.001)
(-0.00375 0.0006 -0.001)
(-0.003375 0.0006 -0.001)
(-0.003 0.0006 -0.001)
(-0.002625 0.0006 -0.001)
(-0.00225 0.0006 -0.001)
(-0.001875 0.0006 -0.001)
(-0.0015 0.0006 -0.001)
(-0.001125 0.0006 -0.001)
(-0.00075 0.0006 -0.001)
(-0.000375 0.0006 -0.001)
(0 0.0006 -0.001)
(0.000375 0.0006 -0.001)
(0.00075 0.0006 -0.001)
(0.001125 0.0006 -0.001)
(0.0015 0.0006 -0.001)
(0.001875 0.0006 -0.001)
(0.00225 0.0006 -0.001)
(0.002625 0.0006 -0.001)
(0.003 0.0006 -0.001)
(0.003375 0.0006 -0.001)
(0.00375 0.0006 -0.001)
(0.004125 0.0006 -0.001)
(0.0045 0.0006 -0.001)
(0.004875 0.0006 -0.001)
(0.00525 0.0006 -0.001)
(0.005625 0.0006 -0.001)
(0.006 0.0006 -0.001)
(0.006375 0.0006 -0.001)
(0.00675 0.0006 -0.001)
(0.007125 0.0006 -0.001)
(0.0075 0.0006 -0.001)
(0.007875 0.0006 -0.001)
(0.00825 0.0006 -0.001)
(0.008625 0.0006 -0.001)
(0.009 0.0006 -0.001)
(0.009375 0.0006 -0.001)
(0.00975 0.0006 -0.001)
(0.010125 0.0006 -0.001)
(0.0105 0.0006 -0.001)
(0.010875 0.0006 -0.001)
(0.01125 0.0006 -0.001)
(0.011625 0.0006 -0.001)
(0.012 0.0006 -0.001)
(0.012375 0.0006 -0.001)
(0.01275 0.0006 -0.001)
(0.013125 0.0006 -0.001)
(0.0135 0.0006 -0.001)
(0.013875 0.0006 -0.001)
(0.01425 0.0006 -0.001)
(0.014625 0.0006 -0.001)
(0.015 0.0006 -0.001)
(-0.015 0.001 -0.001)
(-0.014625 0.001 -0.001)
(-0.01425 0.001 -0.001)
(-0.013875 0.001 -0.001)
(-0.0135 0.001 -0.001)
(-0.013125 0.001 -0.001)
(-0.01275 0.001 -0.001)
(-0.012375 0.001 -0.001)
(-0.012 0.001 -0.001)
(-0.011625 0.001 -0.001)
(-0.01125 0.001 -0.001)
(-0.010875 0.001 -0.001)
(-0.0105 0.001 -0.001)
(-0.010125 0.001 -0.001)
(-0.00975 0.001 -0.001)
(-0.009375 0.001 -0.001)
(-0.009 0.001 -0.001)
(-0.008625 0.001 -0.001)
(-0.00825 0.001 -0.001)
(-0.007875 0.001 -0.001)
(-0.0075 0.001 -0.001)
(-0.007125 0.001 -0.001)
(-0.00675 0.001 -0.001)
(-0.006375 0.001 -0.001)
(-0.006 0.001 -0.001)
(-0.005625 0.001 -0.001)
(-0.00525 0.001 -0.001)
(-0.004875 0.001 -0.001)
(-0.0045 0.001 -0.001)
(-0.004125 0.001 -0.001)
(-0.00375 0.001 -0.001)
(-0.003375 0.001 -0.001)
(-0.003 0.001 -0.001)
(-0.002625 0.001 -0.001)
(-0.00225 0.001 -0.001)
(-0.001875 0.001 -0.001)
(-0.0015 0.001 -0.001)
(-0.001125 0.001 -0.001)
(-0.00075 0.001 -0.001)
(-0.000375 0.001 -0.001)
(0 0.001 -0.001)
(0.000375 0.001 -0.001)
(0.00075 0.001 -0.001)
(0.001125 0.001 -0.001)
(0.0015 0.001 -0.001)
(0.001875 0.001 -0.001)
(0.00225 0.001 -0.001)
(0.002625 0.001 -0.001)
(0.003 0.001 -0.001)
(0.003375 0.001 -0.001)
(0.00375 0.001 -0.001)
(0.004125 0.001 -0.001)
(0.0045 0.001 -0.001)
(0.004875 0.001 -0.001)
(0.00525 0.001 -0.001)
(0.005625 0.001 -0.001)
(0.006 0.001 -0.001)
(0.006375 0.001 -0.001)
(0.00675 0.001 -0.001)
(0.007125 0.001 -0.001)
(0.0075 0.001 -0.001)
(0.007875 0.001 -0.001)
(0.00825 0.001 -0.001)
(0.008625 0.001 -0.001)
(0.009 0.001 -0.001)
(0.009375 0.001 -0.001)
(0.00975 0.001 -0.001)
(0.010125 0.001 -0.001)
(0.0105 0.001 -0.001)
(0.010875 0.001 -0.001)
(0.01125 0.001 -0.001)
(0.011625 0.001 -0.001)
(0.012 0.001 -0.001)
(0.012375 0.001 -0.001)
(0.01275 0.001 -0.001)
(0.013125 0.001 -0.001)
(0.0135 0.001 -0.001)
(0.013875 0.001 -0.001)
(0.01425 0.001 -0.001)
(0.014625 0.001 -0.001)
(0.015 0.001 -0.001)
(-0.015 0.0014 -0.001)
(-0.014625 0.0014 -0.001)
(-0.01425 0.0014 -0.001)
(-0.013875 0.0014 -0.001)
(-0.0135 0.0014 -0.001)
(-0.013125 0.0014 -0.001)
(-0.01275 0.0014 -0.001)
(-0.012375 0.0014 -0.001)
(-0.012 0.0014 -0.001)
(-0.011625 0.0014 -0.001)
(-0.01125 0.0014 -0.001)
(-0.010875 0.0014 -0.001)
(-0.0105 0.0014 -0.001)
(-0.010125 0.0014 -0.001)
(-0.00975 0.0014 -0.001)
(-0.009375 0.0014 -0.001)
(-0.009 0.0014 -0.001)
(-0.008625 0.0014 -0.001)
(-0.00825 0.0014 -0.001)
(-0.007875 0.0014 -0.001)
(-0.0075 0.0014 -0.001)
(-0.007125 0.0014 -0.001)
(-0.00675 0.0014 -0.001)
(-0.006375 0.0014 -0.001)
(-0.006 0.0014 -0.001)
(-0.005625 0.0014 -0.001)
(-0.00525 0.0014 -0.001)
(-0.004875 0.0014 -0.001)
(-0.0045 0.0014 -0.001)
(-0.004125 0.0014 -0.001)
(-0.00375 0.0014 -0.001)
(-0.003375 0.0014 -0.001)
(-0.003 0.0014 -0.001)
(-0.002625 0.0014 -0.001)
(-0.00225 0.0014 -0.001)
(-0.001875 0.0014 -0.001)
(-0.0015 0.0014 -0.001)
(-0.001125 0.0014 -0.001)
(-0.00075 0.0014 -0.001)
(-0.000375 0.0014 -0.001)
(0 0.0014 -0.001)
(0.000375 0.0014 -0.001)
(0.00075 0.0014 -0.001)
(0.001125 0.0014 -0.001)
(0.0015 0.0014 -0.001)
(0.001875 0.0014 -0.001)
(0.00225 0.0014 -0.001)
(0.002625 0.0014 -0.001)
(0.003 0.0014 -0.001)
(0.003375 0.0014 -0.001)
(0.00375 0.0014 -0.001)
(0.004125 0.0014 -0.001)
(0.0045 0.0014 -0.001)
(0.004875 0.0014 -0.001)
(0.00525 0.0014 -0.001)
(0.005625 0.0014 -0.001)
(0.006 0.0014 -0.001)
(0.006375 0.0014 -0.001)
(0.00675 0.0014 -0.001)
(0.007125 0.0014 -0.001)
(0.0075 0.0014 -0.001)
(0.007875 0.0014 -0.001)
(0.00825 0.0014 -0.001)
(0.008625 0.0014 -0.001)
(0.009 0.0014 -0.001)
(0.009375 0.0014 -0.001)
(0.00975 0.0014 -0.001)
(0.010125 0.0014 -0.001)
(0.0105 0.0014 -0.001)
(0.010875 0.0014 -0.001)
(0.01125 0.0014 -0.001)
(0.011625 0.0014 -0.001)
(0.012 0.0014 -0.001)
(0.012375 0.0014 -0.001)
(0.01275 0.0014 -0.001)
(0.013125 0.0014 -0.001)
(0.0135 0.0014 -0.001)
(0.013875 0.0014 -0.001)
(0.01425 0.0014 -0.001)
(0.014625 0.0014 -0.001)
(0.015 0.0014 -0.001)
(-0.015 0.0018 -0.001)
(-0.014625 0.0018 -0.001)
(-0.01425 0.0018 -0.001)
(-0.013875 0.0018 -0.001)
(-0.0135 0.0018 -0.001)
(-0.013125 0.0018 -0.001)
(-0.01275 0.0018 -0.001)
(-0.012375 0.0018 -0.001)
(-0.012 0.0018 -0.001)
(-0.011625 0.0018 -0.001)
(-0.01125 0.0018 -0.001)
(-0.010875 0.0018 -0.001)
(-0.0105 0.0018 -0.001)
(-0.010125 0.0018 -0.001)
(-0.00975 0.0018 -0.001)
(-0.009375 0.0018 -0.001)
(-0.009 0.0018 -0.001)
(-0.008625 0.0018 -0.001)
(-0.00825 0.0018 -0.001)
(-0.007875 0.0018 -0.001)
(-0.0075 0.0018 -0.001)
(-0.007125 0.0018 -0.001)
(-0.00675 0.0018 -0.001)
(-0.006375 0.0018 -0.001)
(-0.006 0.0018 -0.001)
(-0.005625 0.0018 -0.001)
(-0.00525 0.0018 -0.001)
(-0.004875 0.0018 -0.001)
(-0.0045 0.0018 -0.001)
(-0.004125 0.0018 -0.001)
(-0.00375 0.0018 -0.001)
(-0.003375 0.0018 -0.001)
(-0.003 0.0018 -0.001)
(-0.002625 0.0018 -0.001)
(-0.00225 0.0018 -0.001)
(-0.001875 0.0018 -0.001)
(-0.0015 0.0018 -0.001)
(-0.001125 0.0018 -0.001)
(-0.00075 0.0018 -0.001)
(-0.000375 0.0018 -0.001)
(0 0.0018 -0.001)
(0.000375 0.0018 -0.001)
(0.00075 0.0018 -0.001)
(0.001125 0.0018 -0.001)
(0.0015 0.0018 -0.001)
(0.001875 0.0018 -0.001)
(0.00225 0.0018 -0.001)
(0.002625 0.0018 -0.001)
(0.003 0.0018 -0.001)
(0.003375 0.0018 -0.001)
(0.00375 0.0018 -0.001)
(0.004125 0.0018 -0.001)
(0.0045 0.0018 -0.001)
(0.004875 0.0018 -0.001)
(0.00525 0.0018 -0.001)
(0.005625 0.0018 -0.001)
(0.006 0.0018 -0.001)
(0.006375 0.0018 -0.001)
(0.00675 0.0018 -0.001)
(0.007125 0.0018 -0.001)
(0.0075 0.0018 -0.001)
(0.007875 0.0018 -0.001)
(0.00825 0.0018 -0.001)
(0.008625 0.0018 -0.001)
(0.009 0.0018 -0.001)
(0.009375 0.0018 -0.001)
(0.00975 0.0018 -0.001)
(0.010125 0.0018 -0.001)
(0.0105 0.0018 -0.001)
(0.010875 0.0018 -0.001)
(0.01125 0.0018 -0.001)
(0.011625 0.0018 -0.001)
(0.012 0.0018 -0.001)
(0.012375 0.0018 -0.001)
(0.01275 0.0018 -0.001)
(0.013125 0.0018 -0.001)
(0.0135 0.0018 -0.001)
(0.013875 0.0018 -0.001)
(0.01425 0.0018 -0.001)
(0.014625 0.0018 -0.001)
(0.015 0.0018 -0.001)
(-0.015 0.0022 -0.001)
(-0.014625 0.0022 -0.001)
(-0.01425 0.0022 -0.001)
(-0.013875 0.0022 -0.001)
(-0.0135 0.0022 -0.001)
(-0.013125 0.0022 -0.001)
(-0.01275 0.0022 -0.001)
(-0.012375 0.0022 -0.001)
(-0.012 0.0022 -0.001)
(-0.011625 0.0022 -0.001)
(-0.01125 0.0022 -0.001)
(-0.010875 0.0022 -0.001)
(-0.0105 0.0022 -0.001)
(-0.010125 0.0022 -0.001)
(-0.00975 0.0022 -0.001)
(-0.009375 0.0022 -0.001)
(-0.009 0.0022 -0.001)
(-0.008625 0.0022 -0.001)
(-0.00825 0.0022 -0.001)
(-0.007875 0.0022 -0.001)
(-0.0075 0.0022 -0.001)
(-0.007125 0.0022 -0.001)
(-0.00675 0.0022 -0.001)
(-0.006375 0.0022 -0.001)
(-0.006 0.0022 -0.001)
(-0.005625 0.0022 -0.001)
(-0.00525 0.0022 -0.001)
(-0.004875 0.0022 -0.001)
(-0.0045 0.0022 -0.001)
(-0.004125 0.0022 -0.001)
(-0.00375 0.0022 -0.001)
(-0.003375 0.0022 -0.001)
(-0.003 0.0022 -0.001)
(-0.002625 0.0022 -0.001)
(-0.00225 0.0022 -0.001)
(-0.001875 0.0022 -0.001)
(-0.0015 0.0022 -0.001)
(-0.001125 0.0022 -0.001)
(-0.00075 0.0022 -0.001)
(-0.000375 0.0022 -0.001)
(0 0.0022 -0.001)
(0.000375 0.0022 -0.001)
(0.00075 0.0022 -0.001)
(0.001125 0.0022 -0.001)
(0.0015 0.0022 -0.001)
(0.001875 0.0022 -0.001)
(0.00225 0.0022 -0.001)
(0.002625 0.0022 -0.001)
(0.003 0.0022 -0.001)
(0.003375 0.0022 -0.001)
(0.00375 0.0022 -0.001)
(0.004125 0.0022 -0.001)
(0.0045 0.0022 -0.001)
(0.004875 0.0022 -0.001)
(0.00525 0.0022 -0.001)
(0.005625 0.0022 -0.001)
(0.006 0.0022 -0.001)
(0.006375 0.0022 -0.001)
(0.00675 0.0022 -0.001)
(0.007125 0.0022 -0.001)
(0.0075 0.0022 -0.001)
(0.007875 0.0022 -0.001)
(0.00825 0.0022 -0.001)
(0.008625 0.0022 -0.001)
(0.009 0.0022 -0.001)
(0.009375 0.0022 -0.001)
(0.00975 0.0022 -0.001)
(0.010125 0.0022 -0.001)
(0.0105 0.0022 -0.001)
(0.010875 0.0022 -0.001)
(0.01125 0.0022 -0.001)
(0.011625 0.0022 -0.001)
(0.012 0.0022 -0.001)
(0.012375 0.0022 -0.001)
(0.01275 0.0022 -0.001)
(0.013125 0.0022 -0.001)
(0.0135 0.0022 -0.001)
(0.013875 0.0022 -0.001)
(0.01425 0.0022 -0.001)
(0.014625 0.0022 -0.001)
(0.015 0.0022 -0.001)
(-0.015 0.0026 -0.001)
(-0.014625 0.0026 -0.001)
(-0.01425 0.0026 -0.001)
(-0.013875 0.0026 -0.001)
(-0.0135 0.0026 -0.001)
(-0.013125 0.0026 -0.001)
(-0.01275 0.0026 -0.001)
(-0.012375 0.0026 -0.001)
(-0.012 0.0026 -0.001)
(-0.011625 0.0026 -0.001)
(-0.01125 0.0026 -0.001)
(-0.010875 0.0026 -0.001)
(-0.0105 0.0026 -0.001)
(-0.010125 0.0026 -0.001)
(-0.00975 0.0026 -0.001)
(-0.009375 0.0026 -0.001)
(-0.009 0.0026 -0.001)
(-0.008625 0.0026 -0.001)
(-0.00825 0.0026 -0.001)
(-0.007875 0.0026 -0.001)
(-0.0075 0.0026 -0.001)
(-0.007125 0.0026 -0.001)
(-0.00675 0.0026 -0.001)
(-0.006375 0.0026 -0.001)
(-0.006 0.0026 -0.001)
(-0.005625 0.0026 -0.001)
(-0.00525 0.0026 -0.001)
(-0.004875 0.0026 -0.001)
(-0.0045 0.0026 -0.001)
(-0.004125 0.0026 -0.001)
(-0.00375 0.0026 -0.001)
(-0.003375 0.0026 -0.001)
(-0.003 0.0026 -0.001)
(-0.002625 0.0026 -0.001)
(-0.00225 0.0026 -0.001)
(-0.001875 0.0026 -0.001)
(-0.0015 0.0026 -0.001)
(-0.001125 0.0026 -0.001)
(-0.00075 0.0026 -0.001)
(-0.000375 0.0026 -0.001)
(0 0.0026 -0.001)
(0.000375 0.0026 -0.001)
(0.00075 0.0026 -0.001)
(0.001125 0.0026 -0.001)
(0.0015 0.0026 -0.001)
(0.001875 0.0026 -0.001)
(0.00225 0.0026 -0.001)
(0.002625 0.0026 -0.001)
(0.003 0.0026 -0.001)
(0.003375 0.0026 -0.001)
(0.00375 0.0026 -0.001)
(0.004125 0.0026 -0.001)
(0.0045 0.0026 -0.001)
(0.004875 0.0026 -0.001)
(0.00525 0.0026 -0.001)
(0.005625 0.0026 -0.001)
(0.006 0.0026 -0.001)
(0.006375 0.0026 -0.001)
(0.00675 0.0026 -0.001)
(0.007125 0.0026 -0.001)
(0.0075 0.0026 -0.001)
(0.007875 0.0026 -0.001)
(0.00825 0.0026 -0.001)
(0.008625 0.0026 -0.001)
(0.009 0.0026 -0.001)
(0.009375 0.0026 -0.001)
(0.00975 0.0026 -0.001)
(0.010125 0.0026 -0.001)
(0.0105 0.0026 -0.001)
(0.010875 0.0026 -0.001)
(0.01125 0.0026 -0.001)
(0.011625 0.0026 -0.001)
(0.012 0.0026 -0.001)
(0.012375 0.0026 -0.001)
(0.01275 0.0026 -0.001)
(0.013125 0.0026 -0.001)
(0.0135 0.0026 -0.001)
(0.013875 0.0026 -0.001)
(0.01425 0.0026 -0.001)
(0.014625 0.0026 -0.001)
(0.015 0.0026 -0.001)
(-0.015 0.003 -0.001)
(-0.014625 0.003 -0.001)
(-0.01425 0.003 -0.001)
(-0.013875 0.003 -0.001)
(-0.0135 0.003 -0.001)
(-0.013125 0.003 -0.001)
(-0.01275 0.003 -0.001)
(-0.012375 0.003 -0.001)
(-0.012 0.003 -0.001)
(-0.011625 0.003 -0.001)
(-0.01125 0.003 -0.001)
(-0.010875 0.003 -0.001)
(-0.0105 0.003 -0.001)
(-0.010125 0.003 -0.001)
(-0.00975 0.003 -0.001)
(-0.009375 0.003 -0.001)
(-0.009 0.003 -0.001)
(-0.008625 0.003 -0.001)
(-0.00825 0.003 -0.001)
(-0.007875 0.003 -0.001)
(-0.0075 0.003 -0.001)
(-0.007125 0.003 -0.001)
(-0.00675 0.003 -0.001)
(-0.006375 0.003 -0.001)
(-0.006 0.003 -0.001)
(-0.005625 0.003 -0.001)
(-0.00525 0.003 -0.001)
(-0.004875 0.003 -0.001)
(-0.0045 0.003 -0.001)
(-0.004125 0.003 -0.001)
(-0.00375 0.003 -0.001)
(-0.003375 0.003 -0.001)
(-0.003 0.003 -0.001)
(-0.002625 0.003 -0.001)
(-0.00225 0.003 -0.001)
(-0.001875 0.003 -0.001)
(-0.0015 0.003 -0.001)
(-0.001125 0.003 -0.001)
(-0.00075 0.003 -0.001)
(-0.000375 0.003 -0.001)
(0 0.003 -0.001)
(0.000375 0.003 -0.001)
(0.00075 0.003 -0.001)
(0.001125 0.003 -0.001)
(0.0015 0.003 -0.001)
(0.001875 0.003 -0.001)
(0.00225 0.003 -0.001)
(0.002625 0.003 -0.001)
(0.003 0.003 -0.001)
(0.003375 0.003 -0.001)
(0.00375 0.003 -0.001)
(0.004125 0.003 -0.001)
(0.0045 0.003 -0.001)
(0.004875 0.003 -0.001)
(0.00525 0.003 -0.001)
(0.005625 0.003 -0.001)
(0.006 0.003 -0.001)
(0.006375 0.003 -0.001)
(0.00675 0.003 -0.001)
(0.007125 0.003 -0.001)
(0.0075 0.003 -0.001)
(0.007875 0.003 -0.001)
(0.00825 0.003 -0.001)
(0.008625 0.003 -0.001)
(0.009 0.003 -0.001)
(0.009375 0.003 -0.001)
(0.00975 0.003 -0.001)
(0.010125 0.003 -0.001)
(0.0105 0.003 -0.001)
(0.010875 0.003 -0.001)
(0.01125 0.003 -0.001)
(0.011625 0.003 -0.001)
(0.012 0.003 -0.001)
(0.012375 0.003 -0.001)
(0.01275 0.003 -0.001)
(0.013125 0.003 -0.001)
(0.0135 0.003 -0.001)
(0.013875 0.003 -0.001)
(0.01425 0.003 -0.001)
(0.014625 0.003 -0.001)
(0.015 0.003 -0.001)
(-0.015 -0.003 0.001)
(-0.014625 -0.003 0.001)
(-0.01425 -0.003 0.001)
(-0.013875 -0.003 0.001)
(-0.0135 -0.003 0.001)
(-0.013125 -0.003 0.001)
(-0.01275 -0.003 0.001)
(-0.012375 -0.003 0.001)
(-0.012 -0.003 0.001)
(-0.011625 -0.003 0.001)
(-0.01125 -0.003 0.001)
(-0.010875 -0.003 0.001)
(-0.0105 -0.003 0.001)
(-0.010125 -0.003 0.001)
(-0.00975 -0.003 0.001)
(-0.009375 -0.003 0.001)
(-0.009 -0.003 0.001)
(-0.008625 -0.003 0.001)
(-0.00825 -0.003 0.001)
(-0.007875 -0.003 0.001)
(-0.0075 -0.003 0.001)
(-0.007125 -0.003 0.001)
(-0.00675 -0.003 0.001)
(-0.006375 -0.003 0.001)
(-0.006 -0.003 0.001)
(-0.005625 -0.003 0.001)
(-0.00525 -0.003 0.001)
(-0.004875 -0.003 0.001)
(-0.0045 -0.003 0.001)
(-0.004125 -0.003 0.001)
(-0.00375 -0.003 0.001)
(-0.003375 -0.003 0.001)
(-0.003 -0.003 0.001)
(-0.002625 -0.003 0.001)
(-0.00225 -0.003 0.001)
(-0.001875 -0.003 0.001)
(-0.0015 -0.003 0.001)
(-0.001125 -0.003 0.001)
(-0.00075 -0.003 0.001)
(-0.000375 -0.003 0.001)
(0 -0.003 0.001)
(0.000375 -0.003 0.001)
(0.00075 -0.003 0.001)
(0.001125 -0.003 0.001)
(0.0015 -0.003 0.001)
(0.001875 -0.003 0.001)
(0.00225 -0.003 0.001)
(0.002625 -0.003 0.001)
(0.003 -0.003 0.001)
(0.003375 -0.003 0.001)
(0.00375 -0.003 0.001)
(0.004125 -0.003 0.001)
(0.0045 -0.003 0.001)
(0.004875 -0.003 0.001)
(0.00525 -0.003 0.001)
(0.005625 -0.003 0.001)
(0.006 -0.003 0.001)
(0.006375 -0.003 0.001)
(0.00675 -0.003 0.001)
(0.007125 -0.003 0.001)
(0.0075 -0.003 0.001)
(0.007875 -0.003 0.001)
(0.00825 -0.003 0.001)
(0.008625 -0.003 0.001)
(0.009 -0.003 0.001)
(0.009375 -0.003 0.001)
(0.00975 -0.003 0.001)
(0.010125 -0.003 0.001)
(0.0105 -0.003 0.001)
(0.010875 -0.003 0.001)
(0.01125 -0.003 0.001)
(0.011625 -0.003 0.001)
(0.012 -0.003 0.001)
(0.012375 -0.003 0.001)
(0.01275 -0.003 0.001)
(0.013125 -0.003 0.001)
(0.0135 -0.003 0.001)
(0.013875 -0.003 0.001)
(0.01425 -0.003 0.001)
(0.014625 -0.003 0.001)
(0.015 -0.003 0.001)
(-0.015 -0.0026 0.001)
(-0.014625 -0.0026 0.001)
(-0.01425 -0.0026 0.001)
(-0.013875 -0.0026 0.001)
(-0.0135 -0.0026 0.001)
(-0.013125 -0.0026 0.001)
(-0.01275 -0.0026 0.001)
(-0.012375 -0.0026 0.001)
(-0.012 -0.0026 0.001)
(-0.011625 -0.0026 0.001)
(-0.01125 -0.0026 0.001)
(-0.010875 -0.0026 0.001)
(-0.0105 -0.0026 0.001)
(-0.010125 -0.0026 0.001)
(-0.00975 -0.0026 0.001)
(-0.009375 -0.0026 0.001)
(-0.009 -0.0026 0.001)
(-0.008625 -0.0026 0.001)
(-0.00825 -0.0026 0.001)
(-0.007875 -0.0026 0.001)
(-0.0075 -0.0026 0.001)
(-0.007125 -0.0026 0.001)
(-0.00675 -0.0026 0.001)
(-0.006375 -0.0026 0.001)
(-0.006 -0.0026 0.001)
(-0.005625 -0.0026 0.001)
(-0.00525 -0.0026 0.001)
(-0.004875 -0.0026 0.001)
(-0.0045 -0.0026 0.001)
(-0.004125 -0.0026 0.001)
(-0.00375 -0.0026 0.001)
(-0.003375 -0.0026 0.001)
(-0.003 -0.0026 0.001)
(-0.002625 -0.0026 0.001)
(-0.00225 -0.0026 0.001)
(-0.001875 -0.0026 0.001)
(-0.0015 -0.0026 0.001)
(-0.001125 -0.0026 0.001)
(-0.00075 -0.0026 0.001)
(-0.000375 -0.0026 0.001)
(0 -0.0026 0.001)
(0.000375 -0.0026 0.001)
(0.00075 -0.0026 0.001)
(0.001125 -0.0026 0.001)
(0.0015 -0.0026 0.001)
(0.001875 -0.0026 0.001)
(0.00225 -0.0026 0.001)
(0.002625 -0.0026 0.001)
(0.003 -0.0026 0.001)
(0.003375 -0.0026 0.001)
(0.00375 -0.0026 0.001)
(0.004125 -0.0026 0.001)
(0.0045 -0.0026 0.001)
(0.004875 -0.0026 0.001)
(0.00525 -0.0026 0.001)
(0.005625 -0.0026 0.001)
(0.006 -0.0026 0.001)
(0.006375 -0.0026 0.001)
(0.00675 -0.0026 0.001)
(0.007125 -0.0026 0.001)
(0.0075 -0.0026 0.001)
(0.007875 -0.0026 0.001)
(0.00825 -0.0026 0.001)
(0.008625 -0.0026 0.001)
(0.009 -0.0026 0.001)
(0.009375 -0.0026 0.001)
(0.00975 -0.0026 0.001)
(0.010125 -0.0026 0.001)
(0.0105 -0.0026 0.001)
(0.010875 -0.0026 0.001)
(0.01125 -0.0026 0.001)
(0.011625 -0.0026 0.001)
(0.012 -0.0026 0.001)
(0.012375 -0.0026 0.001)
(0.01275 -0.0026 0.001)
(0.013125 -0.0026 0.001)
(0.0135 -0.0026 0.001)
(0.013875 -0.0026 0.001)
(0.01425 -0.0026 0.001)
(0.014625 -0.0026 0.001)
(0.015 -0.0026 0.001)
(-0.015 -0.0022 0.001)
(-0.014625 -0.0022 0.001)
(-0.01425 -0.0022 0.001)
(-0.013875 -0.0022 0.001)
(-0.0135 -0.0022 0.001)
(-0.013125 -0.0022 0.001)
(-0.01275 -0.0022 0.001)
(-0.012375 -0.0022 0.001)
(-0.012 -0.0022 0.001)
(-0.011625 -0.0022 0.001)
(-0.01125 -0.0022 0.001)
(-0.010875 -0.0022 0.001)
(-0.0105 -0.0022 0.001)
(-0.010125 -0.0022 0.001)
(-0.00975 -0.0022 0.001)
(-0.009375 -0.0022 0.001)
(-0.009 -0.0022 0.001)
(-0.008625 -0.0022 0.001)
(-0.00825 -0.0022 0.001)
(-0.007875 -0.0022 0.001)
(-0.0075 -0.0022 0.001)
(-0.007125 -0.0022 0.001)
(-0.00675 -0.0022 0.001)
(-0.006375 -0.0022 0.001)
(-0.006 -0.0022 0.001)
(-0.005625 -0.0022 0.001)
(-0.00525 -0.0022 0.001)
(-0.004875 -0.0022 0.001)
(-0.0045 -0.0022 0.001)
(-0.004125 -0.0022 0.001)
(-0.00375 -0.0022 0.001)
(-0.003375 -0.0022 0.001)
(-0.003 -0.0022 0.001)
(-0.002625 -0.0022 0.001)
(-0.00225 -0.0022 0.001)
(-0.001875 -0.0022 0.001)
(-0.0015 -0.0022 0.001)
(-0.001125 -0.0022 0.001)
(-0.00075 -0.0022 0.001)
(-0.000375 -0.0022 0.001)
(0 -0.0022 0.001)
(0.000375 -0.0022 0.001)
(0.00075 -0.0022 0.001)
(0.001125 -0.0022 0.001)
(0.0015 -0.0022 0.001)
(0.001875 -0.0022 0.001)
(0.00225 -0.0022 0.001)
(0.002625 -0.0022 0.001)
(0.003 -0.0022 0.001)
(0.003375 -0.0022 0.001)
(0.00375 -0.0022 0.001)
(0.004125 -0.0022 0.001)
(0.0045 -0.0022 0.001)
(0.004875 -0.0022 0.001)
(0.00525 -0.0022 0.001)
(0.005625 -0.0022 0.001)
(0.006 -0.0022 0.001)
(0.006375 -0.0022 0.001)
(0.00675 -0.0022 0.001)
(0.007125 -0.0022 0.001)
(0.0075 -0.0022 0.001)
(0.007875 -0.0022 0.001)
(0.00825 -0.0022 0.001)
(0.008625 -0.0022 0.001)
(0.009 -0.0022 0.001)
(0.009375 -0.0022 0.001)
(0.00975 -0.0022 0.001)
(0.010125 -0.0022 0.001)
(0.0105 -0.0022 0.001)
(0.010875 -0.0022 0.001)
(0.01125 -0.0022 0.001)
(0.011625 -0.0022 0.001)
(0.012 -0.0022 0.001)
(0.012375 -0.0022 0.001)
(0.01275 -0.0022 0.001)
(0.013125 -0.0022 0.001)
(0.0135 -0.0022 0.001)
(0.013875 -0.0022 0.001)
(0.01425 -0.0022 0.001)
(0.014625 -0.0022 0.001)
(0.015 -0.0022 0.001)
(-0.015 -0.0018 0.001)
(-0.014625 -0.0018 0.001)
(-0.01425 -0.0018 0.001)
(-0.013875 -0.0018 0.001)
(-0.0135 -0.0018 0.001)
(-0.013125 -0.0018 0.001)
(-0.01275 -0.0018 0.001)
(-0.012375 -0.0018 0.001)
(-0.012 -0.0018 0.001)
(-0.011625 -0.0018 0.001)
(-0.01125 -0.0018 0.001)
(-0.010875 -0.0018 0.001)
(-0.0105 -0.0018 0.001)
(-0.010125 -0.0018 0.001)
(-0.00975 -0.0018 0.001)
(-0.009375 -0.0018 0.001)
(-0.009 -0.0018 0.001)
(-0.008625 -0.0018 0.001)
(-0.00825 -0.0018 0.001)
(-0.007875 -0.0018 0.001)
(-0.0075 -0.0018 0.001)
(-0.007125 -0.0018 0.001)
(-0.00675 -0.0018 0.001)
(-0.006375 -0.0018 0.001)
(-0.006 -0.0018 0.001)
(-0.005625 -0.0018 0.001)
(-0.00525 -0.0018 0.001)
(-0.004875 -0.0018 0.001)
(-0.0045 -0.0018 0.001)
(-0.004125 -0.0018 0.001)
(-0.00375 -0.0018 0.001)
(-0.003375 -0.0018 0.001)
(-0.003 -0.0018 0.001)
(-0.002625 -0.0018 0.001)
(-0.00225 -0.0018 0.001)
(-0.001875 -0.0018 0.001)
(-0.0015 -0.0018 0.001)
(-0.001125 -0.0018 0.001)
(-0.00075 -0.0018 0.001)
(-0.000375 -0.0018 0.001)
(0 -0.0018 0.001)
(0.000375 -0.0018 0.001)
(0.00075 -0.0018 0.001)
(0.001125 -0.0018 0.001)
(0.0015 -0.0018 0.001)
(0.001875 -0.0018 0.001)
(0.00225 -0.0018 0.001)
(0.002625 -0.0018 0.001)
(0.003 -0.0018 0.001)
(0.003375 -0.0018 0.001)
(0.00375 -0.0018 0.001)
(0.004125 -0.0018 0.001)
(0.0045 -0.0018 0.001)
(0.004875 -0.0018 0.001)
(0.00525 -0.0018 0.001)
(0.005625 -0.0018 0.001)
(0.006 -0.0018 0.001)
(0.006375 -0.0018 0.001)
(0.00675 -0.0018 0.001)
(0.007125 -0.0018 0.001)
(0.0075 -0.0018 0.001)
(0.007875 -0.0018 0.001)
(0.00825 -0.0018 0.001)
(0.008625 -0.0018 0.001)
(0.009 -0.0018 0.001)
(0.009375 -0.0018 0.001)
(0.00975 -0.0018 0.001)
(0.010125 -0.0018 0.001)
(0.0105 -0.0018 0.001)
(0.010875 -0.0018 0.001)
(0.01125 -0.0018 0.001)
(0.011625 -0.0018 0.001)
(0.012 -0.0018 0.001)
(0.012375 -0.0018 0.001)
(0.01275 -0.0018 0.001)
(0.013125 -0.0018 0.001)
(0.0135 -0.0018 0.001)
(0.013875 -0.0018 0.001)
(0.01425 -0.0018 0.001)
(0.014625 -0.0018 0.001)
(0.015 -0.0018 0.001)
(-0.015 -0.0014 0.001)
(-0.014625 -0.0014 0.001)
(-0.01425 -0.0014 0.001)
(-0.013875 -0.0014 0.001)
(-0.0135 -0.0014 0.001)
(-0.013125 -0.0014 0.001)
(-0.01275 -0.0014 0.001)
(-0.012375 -0.0014 0.001)
(-0.012 -0.0014 0.001)
(-0.011625 -0.0014 0.001)
(-0.01125 -0.0014 0.001)
(-0.010875 -0.0014 0.001)
(-0.0105 -0.0014 0.001)
(-0.010125 -0.0014 0.001)
(-0.00975 -0.0014 0.001)
(-0.009375 -0.0014 0.001)
(-0.009 -0.0014 0.001)
(-0.008625 -0.0014 0.001)
(-0.00825 -0.0014 0.001)
(-0.007875 -0.0014 0.001)
(-0.0075 -0.0014 0.001)
(-0.007125 -0.0014 0.001)
(-0.00675 -0.0014 0.001)
(-0.006375 -0.0014 0.001)
(-0.006 -0.0014 0.001)
(-0.005625 -0.0014 0.001)
(-0.00525 -0.0014 0.001)
(-0.004875 -0.0014 0.001)
(-0.0045 -0.0014 0.001)
(-0.004125 -0.0014 0.001)
(-0.00375 -0.0014 0.001)
(-0.003375 -0.0014 0.001)
(-0.003 -0.0014 0.001)
(-0.002625 -0.0014 0.001)
(-0.00225 -0.0014 0.001)
(-0.001875 -0.0014 0.001)
(-0.0015 -0.0014 0.001)
(-0.001125 -0.0014 0.001)
(-0.00075 -0.0014 0.001)
(-0.000375 -0.0014 0.001)
(0 -0.0014 0.001)
(0.000375 -0.0014 0.001)
(0.00075 -0.0014 0.001)
(0.001125 -0.0014 0.001)
(0.0015 -0.0014 0.001)
(0.001875 -0.0014 0.001)
(0.00225 -0.0014 0.001)
(0.002625 -0.0014 0.001)
(0.003 -0.0014 0.001)
(0.003375 -0.0014 0.001)
(0.00375 -0.0014 0.001)
(0.004125 -0.0014 0.001)
(0.0045 -0.0014 0.001)
(0.004875 -0.0014 0.001)
(0.00525 -0.0014 0.001)
(0.005625 -0.0014 0.001)
(0.006 -0.0014 0.001)
(0.006375 -0.0014 0.001)
(0.00675 -0.0014 0.001)
(0.007125 -0.0014 0.001)
(0.0075 -0.0014 0.001)
(0.007875 -0.0014 0.001)
(0.00825 -0.0014 0.001)
(0.008625 -0.0014 0.001)
(0.009 -0.0014 0.001)
(0.009375 -0.0014 0.001)
(0.00975 -0.0014 0.001)
(0.010125 -0.0014 0.001)
(0.0105 -0.0014 0.001)
(0.010875 -0.0014 0.001)
(0.01125 -0.0014 0.001)
(0.011625 -0.0014 0.001)
(0.012 -0.0014 0.001)
(0.012375 -0.0014 0.001)
(0.01275 -0.0014 0.001)
(0.013125 -0.0014 0.001)
(0.0135 -0.0014 0.001)
(0.013875 -0.0014 0.001)
(0.01425 -0.0014 0.001)
(0.014625 -0.0014 0.001)
(0.015 -0.0014 0.001)
(-0.015 -0.001 0.001)
(-0.014625 -0.001 0.001)
(-0.01425 -0.001 0.001)
(-0.013875 -0.001 0.001)
(-0.0135 -0.001 0.001)
(-0.013125 -0.001 0.001)
(-0.01275 -0.001 0.001)
(-0.012375 -0.001 0.001)
(-0.012 -0.001 0.001)
(-0.011625 -0.001 0.001)
(-0.01125 -0.001 0.001)
(-0.010875 -0.001 0.001)
(-0.0105 -0.001 0.001)
(-0.010125 -0.001 0.001)
(-0.00975 -0.001 0.001)
(-0.009375 -0.001 0.001)
(-0.009 -0.001 0.001)
(-0.008625 -0.001 0.001)
(-0.00825 -0.001 0.001)
(-0.007875 -0.001 0.001)
(-0.0075 -0.001 0.001)
(-0.007125 -0.001 0.001)
(-0.00675 -0.001 0.001)
(-0.006375 -0.001 0.001)
(-0.006 -0.001 0.001)
(-0.005625 -0.001 0.001)
(-0.00525 -0.001 0.001)
(-0.004875 -0.001 0.001)
(-0.0045 -0.001 0.001)
(-0.004125 -0.001 0.001)
(-0.00375 -0.001 0.001)
(-0.003375 -0.001 0.001)
(-0.003 -0.001 0.001)
(-0.002625 -0.001 0.001)
(-0.00225 -0.001 0.001)
(-0.001875 -0.001 0.001)
(-0.0015 -0.001 0.001)
(-0.001125 -0.001 0.001)
(-0.00075 -0.001 0.001)
(-0.000375 -0.001 0.001)
(0 -0.001 0.001)
(0.000375 -0.001 0.001)
(0.00075 -0.001 0.001)
(0.001125 -0.001 0.001)
(0.0015 -0.001 0.001)
(0.001875 -0.001 0.001)
(0.00225 -0.001 0.001)
(0.002625 -0.001 0.001)
(0.003 -0.001 0.001)
(0.003375 -0.001 0.001)
(0.00375 -0.001 0.001)
(0.004125 -0.001 0.001)
(0.0045 -0.001 0.001)
(0.004875 -0.001 0.001)
(0.00525 -0.001 0.001)
(0.005625 -0.001 0.001)
(0.006 -0.001 0.001)
(0.006375 -0.001 0.001)
(0.00675 -0.001 0.001)
(0.007125 -0.001 0.001)
(0.0075 -0.001 0.001)
(0.007875 -0.001 0.001)
(0.00825 -0.001 0.001)
(0.008625 -0.001 0.001)
(0.009 -0.001 0.001)
(0.009375 -0.001 0.001)
(0.00975 -0.001 0.001)
(0.010125 -0.001 0.001)
(0.0105 -0.001 0.001)
(0.010875 -0.001 0.001)
(0.01125 -0.001 0.001)
(0.011625 -0.001 0.001)
(0.012 -0.001 0.001)
(0.012375 -0.001 0.001)
(0.01275 -0.001 0.001)
(0.013125 -0.001 0.001)
(0.0135 -0.001 0.001)
(0.013875 -0.001 0.001)
(0.01425 -0.001 0.001)
(0.014625 -0.001 0.001)
(0.015 -0.001 0.001)
(-0.015 -0.0006 0.001)
(-0.014625 -0.0006 0.001)
(-0.01425 -0.0006 0.001)
(-0.013875 -0.0006 0.001)
(-0.0135 -0.0006 0.001)
(-0.013125 -0.0006 0.001)
(-0.01275 -0.0006 0.001)
(-0.012375 -0.0006 0.001)
(-0.012 -0.0006 0.001)
(-0.011625 -0.0006 0.001)
(-0.01125 -0.0006 0.001)
(-0.010875 -0.0006 0.001)
(-0.0105 -0.0006 0.001)
(-0.010125 -0.0006 0.001)
(-0.00975 -0.0006 0.001)
(-0.009375 -0.0006 0.001)
(-0.009 -0.0006 0.001)
(-0.008625 -0.0006 0.001)
(-0.00825 -0.0006 0.001)
(-0.007875 -0.0006 0.001)
(-0.0075 -0.0006 0.001)
(-0.007125 -0.0006 0.001)
(-0.00675 -0.0006 0.001)
(-0.006375 -0.0006 0.001)
(-0.006 -0.0006 0.001)
(-0.005625 -0.0006 0.001)
(-0.00525 -0.0006 0.001)
(-0.004875 -0.0006 0.001)
(-0.0045 -0.0006 0.001)
(-0.004125 -0.0006 0.001)
(-0.00375 -0.0006 0.001)
(-0.003375 -0.0006 0.001)
(-0.003 -0.0006 0.001)
(-0.002625 -0.0006 0.001)
(-0.00225 -0.0006 0.001)
(-0.001875 -0.0006 0.001)
(-0.0015 -0.0006 0.001)
(-0.001125 -0.0006 0.001)
(-0.00075 -0.0006 0.001)
(-0.000375 -0.0006 0.001)
(0 -0.0006 0.001)
(0.000375 -0.0006 0.001)
(0.00075 -0.0006 0.001)
(0.001125 -0.0006 0.001)
(0.0015 -0.0006 0.001)
(0.001875 -0.0006 0.001)
(0.00225 -0.0006 0.001)
(0.002625 -0.0006 0.001)
(0.003 -0.0006 0.001)
(0.003375 -0.0006 0.001)
(0.00375 -0.0006 0.001)
(0.004125 -0.0006 0.001)
(0.0045 -0.0006 0.001)
(0.004875 -0.0006 0.001)
(0.00525 -0.0006 0.001)
(0.005625 -0.0006 0.001)
(0.006 -0.0006 0.001)
(0.006375 -0.0006 0.001)
(0.00675 -0.0006 0.001)
(0.007125 -0.0006 0.001)
(0.0075 -0.0006 0.001)
(0.007875 -0.0006 0.001)
(0.00825 -0.0006 0.001)
(0.008625 -0.0006 0.001)
(0.009 -0.0006 0.001)
(0.009375 -0.0006 0.001)
(0.00975 -0.0006 0.001)
(0.010125 -0.0006 0.001)
(0.0105 -0.0006 0.001)
(0.010875 -0.0006 0.001)
(0.01125 -0.0006 0.001)
(0.011625 -0.0006 0.001)
(0.012 -0.0006 0.001)
(0.012375 -0.0006 0.001)
(0.01275 -0.0006 0.001)
(0.013125 -0.0006 0.001)
(0.0135 -0.0006 0.001)
(0.013875 -0.0006 0.001)
(0.01425 -0.0006 0.001)
(0.014625 -0.0006 0.001)
(0.015 -0.0006 0.001)
(-0.015 -0.0002 0.001)
(-0.014625 -0.0002 0.001)
(-0.01425 -0.0002 0.001)
(-0.013875 -0.0002 0.001)
(-0.0135 -0.0002 0.001)
(-0.013125 -0.0002 0.001)
(-0.01275 -0.0002 0.001)
(-0.012375 -0.0002 0.001)
(-0.012 -0.0002 0.001)
(-0.011625 -0.0002 0.001)
(-0.01125 -0.0002 0.001)
(-0.010875 -0.0002 0.001)
(-0.0105 -0.0002 0.001)
(-0.010125 -0.0002 0.001)
(-0.00975 -0.0002 0.001)
(-0.009375 -0.0002 0.001)
(-0.009 -0.0002 0.001)
(-0.008625 -0.0002 0.001)
(-0.00825 -0.0002 0.001)
(-0.007875 -0.0002 0.001)
(-0.0075 -0.0002 0.001)
(-0.007125 -0.0002 0.001)
(-0.00675 -0.0002 0.001)
(-0.006375 -0.0002 0.001)
(-0.006 -0.0002 0.001)
(-0.005625 -0.0002 0.001)
(-0.00525 -0.0002 0.001)
(-0.004875 -0.0002 0.001)
(-0.0045 -0.0002 0.001)
(-0.004125 -0.0002 0.001)
(-0.00375 -0.0002 0.001)
(-0.003375 -0.0002 0.001)
(-0.003 -0.0002 0.001)
(-0.002625 -0.0002 0.001)
(-0.00225 -0.0002 0.001)
(-0.001875 -0.0002 0.001)
(-0.0015 -0.0002 0.001)
(-0.001125 -0.0002 0.001)
(-0.00075 -0.0002 0.001)
(-0.000375 -0.0002 0.001)
(0 -0.0002 0.001)
(0.000375 -0.0002 0.001)
(0.00075 -0.0002 0.001)
(0.001125 -0.0002 0.001)
(0.0015 -0.0002 0.001)
(0.001875 -0.0002 0.001)
(0.00225 -0.0002 0.001)
(0.002625 -0.0002 0.001)
(0.003 -0.0002 0.001)
(0.003375 -0.0002 0.001)
(0.00375 -0.0002 0.001)
(0.004125 -0.0002 0.001)
(0.0045 -0.0002 0.001)
(0.004875 -0.0002 0.001)
(0.00525 -0.0002 0.001)
(0.005625 -0.0002 0.001)
(0.006 -0.0002 0.001)
(0.006375 -0.0002 0.001)
(0.00675 -0.0002 0.001)
(0.007125 -0.0002 0.001)
(0.0075 -0.0002 0.001)
(0.007875 -0.0002 0.001)
(0.00825 -0.0002 0.001)
(0.008625 -0.0002 0.001)
(0.009 -0.0002 0.001)
(0.009375 -0.0002 0.001)
(0.00975 -0.0002 0.001)
(0.010125 -0.0002 0.001)
(0.0105 -0.0002 0.001)
(0.010875 -0.0002 0.001)
(0.01125 -0.0002 0.001)
(0.011625 -0.0002 0.001)
(0.012 -0.0002 0.001)
(0.012375 -0.0002 0.001)
(0.01275 -0.0002 0.001)
(0.013125 -0.0002 0.001)
(0.0135 -0.0002 0.001)
(0.013875 -0.0002 0.001)
(0.01425 -0.0002 0.001)
(0.014625 -0.0002 0.001)
(0.015 -0.0002 0.001)
(-0.015 0.0002 0.001)
(-0.014625 0.0002 0.001)
(-0.01425 0.0002 0.001)
(-0.013875 0.0002 0.001)
(-0.0135 0.0002 0.001)
(-0.013125 0.0002 0.001)
(-0.01275 0.0002 0.001)
(-0.012375 0.0002 0.001)
(-0.012 0.0002 0.001)
(-0.011625 0.0002 0.001)
(-0.01125 0.0002 0.001)
(-0.010875 0.0002 0.001)
(-0.0105 0.0002 0.001)
(-0.010125 0.0002 0.001)
(-0.00975 0.0002 0.001)
(-0.009375 0.0002 0.001)
(-0.009 0.0002 0.001)
(-0.008625 0.0002 0.001)
(-0.00825 0.0002 0.001)
(-0.007875 0.0002 0.001)
(-0.0075 0.0002 0.001)
(-0.007125 0.0002 0.001)
(-0.00675 0.0002 0.001)
(-0.006375 0.0002 0.001)
(-0.006 0.0002 0.001)
(-0.005625 0.0002 0.001)
(-0.00525 0.0002 0.001)
(-0.004875 0.0002 0.001)
(-0.0045 0.0002 0.001)
(-0.004125 0.0002 0.001)
(-0.00375 0.0002 0.001)
(-0.003375 0.0002 0.001)
(-0.003 0.0002 0.001)
(-0.002625 0.0002 0.001)
(-0.00225 0.0002 0.001)
(-0.001875 0.0002 0.001)
(-0.0015 0.0002 0.001)
(-0.001125 0.0002 0.001)
(-0.00075 0.0002 0.001)
(-0.000375 0.0002 0.001)
(0 0.0002 0.001)
(0.000375 0.0002 0.001)
(0.00075 0.0002 0.001)
(0.001125 0.0002 0.001)
(0.0015 0.0002 0.001)
(0.001875 0.0002 0.001)
(0.00225 0.0002 0.001)
(0.002625 0.0002 0.001)
(0.003 0.0002 0.001)
(0.003375 0.0002 0.001)
(0.00375 0.0002 0.001)
(0.004125 0.0002 0.001)
(0.0045 0.0002 0.001)
(0.004875 0.0002 0.001)
(0.00525 0.0002 0.001)
(0.005625 0.0002 0.001)
(0.006 0.0002 0.001)
(0.006375 0.0002 0.001)
(0.00675 0.0002 0.001)
(0.007125 0.0002 0.001)
(0.0075 0.0002 0.001)
(0.007875 0.0002 0.001)
(0.00825 0.0002 0.001)
(0.008625 0.0002 0.001)
(0.009 0.0002 0.001)
(0.009375 0.0002 0.001)
(0.00975 0.0002 0.001)
(0.010125 0.0002 0.001)
(0.0105 0.0002 0.001)
(0.010875 0.0002 0.001)
(0.01125 0.0002 0.001)
(0.011625 0.0002 0.001)
(0.012 0.0002 0.001)
(0.012375 0.0002 0.001)
(0.01275 0.0002 0.001)
(0.013125 0.0002 0.001)
(0.0135 0.0002 0.001)
(0.013875 0.0002 0.001)
(0.01425 0.0002 0.001)
(0.014625 0.0002 0.001)
(0.015 0.0002 0.001)
(-0.015 0.0006 0.001)
(-0.014625 0.0006 0.001)
(-0.01425 0.0006 0.001)
(-0.013875 0.0006 0.001)
(-0.0135 0.0006 0.001)
(-0.013125 0.0006 0.001)
(-0.01275 0.0006 0.001)
(-0.012375 0.0006 0.001)
(-0.012 0.0006 0.001)
(-0.011625 0.0006 0.001)
(-0.01125 0.0006 0.001)
(-0.010875 0.0006 0.001)
(-0.0105 0.0006 0.001)
(-0.010125 0.0006 0.001)
(-0.00975 0.0006 0.001)
(-0.009375 0.0006 0.001)
(-0.009 0.0006 0.001)
(-0.008625 0.0006 0.001)
(-0.00825 0.0006 0.001)
(-0.007875 0.0006 0.001)
(-0.0075 0.0006 0.001)
(-0.007125 0.0006 0.001)
(-0.00675 0.0006 0.001)
(-0.006375 0.0006 0.001)
(-0.006 0.0006 0.001)
(-0.005625 0.0006 0.001)
(-0.00525 0.0006 0.001)
(-0.004875 0.0006 0.001)
(-0.0045 0.0006 0.001)
(-0.004125 0.0006 0.001)
(-0.00375 0.0006 0.001)
(-0.003375 0.0006 0.001)
(-0.003 0.0006 0.001)
(-0.002625 0.0006 0.001)
(-0.00225 0.0006 0.001)
(-0.001875 0.0006 0.001)
(-0.0015 0.0006 0.001)
(-0.001125 0.0006 0.001)
(-0.00075 0.0006 0.001)
(-0.000375 0.0006 0.001)
(0 0.0006 0.001)
(0.000375 0.0006 0.001)
(0.00075 0.0006 0.001)
(0.001125 0.0006 0.001)
(0.0015 0.0006 0.001)
(0.001875 0.0006 0.001)
(0.00225 0.0006 0.001)
(0.002625 0.0006 0.001)
(0.003 0.0006 0.001)
(0.003375 0.0006 0.001)
(0.00375 0.0006 0.001)
(0.004125 0.0006 0.001)
(0.0045 0.0006 0.001)
(0.004875 0.0006 0.001)
(0.00525 0.0006 0.001)
(0.005625 0.0006 0.001)
(0.006 0.0006 0.001)
(0.006375 0.0006 0.001)
(0.00675 0.0006 0.001)
(0.007125 0.0006 0.001)
(0.0075 0.0006 0.001)
(0.007875 0.0006 0.001)
(0.00825 0.0006 0.001)
(0.008625 0.0006 0.001)
(0.009 0.0006 0.001)
(0.009375 0.0006 0.001)
(0.00975 0.0006 0.001)
(0.010125 0.0006 0.001)
(0.0105 0.0006 0.001)
(0.010875 0.0006 0.001)
(0.01125 0.0006 0.001)
(0.011625 0.0006 0.001)
(0.012 0.0006 0.001)
(0.012375 0.0006 0.001)
(0.01275 0.0006 0.001)
(0.013125 0.0006 0.001)
(0.0135 0.0006 0.001)
(0.013875 0.0006 0.001)
(0.01425 0.0006 0.001)
(0.014625 0.0006 0.001)
(0.015 0.0006 0.001)
(-0.015 0.001 0.001)
(-0.014625 0.001 0.001)
(-0.01425 0.001 0.001)
(-0.013875 0.001 0.001)
(-0.0135 0.001 0.001)
(-0.013125 0.001 0.001)
(-0.01275 0.001 0.001)
(-0.012375 0.001 0.001)
(-0.012 0.001 0.001)
(-0.011625 0.001 0.001)
(-0.01125 0.001 0.001)
(-0.010875 0.001 0.001)
(-0.0105 0.001 0.001)
(-0.010125 0.001 0.001)
(-0.00975 0.001 0.001)
(-0.009375 0.001 0.001)
(-0.009 0.001 0.001)
(-0.008625 0.001 0.001)
(-0.00825 0.001 0.001)
(-0.007875 0.001 0.001)
(-0.0075 0.001 0.001)
(-0.007125 0.001 0.001)
(-0.00675 0.001 0.001)
(-0.006375 0.001 0.001)
(-0.006 0.001 0.001)
(-0.005625 0.001 0.001)
(-0.00525 0.001 0.001)
(-0.004875 0.001 0.001)
(-0.0045 0.001 0.001)
(-0.004125 0.001 0.001)
(-0.00375 0.001 0.001)
(-0.003375 0.001 0.001)
(-0.003 0.001 0.001)
(-0.002625 0.001 0.001)
(-0.00225 0.001 0.001)
(-0.001875 0.001 0.001)
(-0.0015 0.001 0.001)
(-0.001125 0.001 0.001)
(-0.00075 0.001 0.001)
(-0.000375 0.001 0.001)
(0 0.001 0.001)
(0.000375 0.001 0.001)
(0.00075 0.001 0.001)
(0.001125 0.001 0.001)
(0.0015 0.001 0.001)
(0.001875 0.001 0.001)
(0.00225 0.001 0.001)
(0.002625 0.001 0.001)
(0.003 0.001 0.001)
(0.003375 0.001 0.001)
(0.00375 0.001 0.001)
(0.004125 0.001 0.001)
(0.0045 0.001 0.001)
(0.004875 0.001 0.001)
(0.00525 0.001 0.001)
(0.005625 0.001 0.001)
(0.006 0.001 0.001)
(0.006375 0.001 0.001)
(0.00675 0.001 0.001)
(0.007125 0.001 0.001)
(0.0075 0.001 0.001)
(0.007875 0.001 0.001)
(0.00825 0.001 0.001)
(0.008625 0.001 0.001)
(0.009 0.001 0.001)
(0.009375 0.001 0.001)
(0.00975 0.001 0.001)
(0.010125 0.001 0.001)
(0.0105 0.001 0.001)
(0.010875 0.001 0.001)
(0.01125 0.001 0.001)
(0.011625 0.001 0.001)
(0.012 0.001 0.001)
(0.012375 0.001 0.001)
(0.01275 0.001 0.001)
(0.013125 0.001 0.001)
(0.0135 0.001 0.001)
(0.013875 0.001 0.001)
(0.01425 0.001 0.001)
(0.014625 0.001 0.001)
(0.015 0.001 0.001)
(-0.015 0.0014 0.001)
(-0.014625 0.0014 0.001)
(-0.01425 0.0014 0.001)
(-0.013875 0.0014 0.001)
(-0.0135 0.0014 0.001)
(-0.013125 0.0014 0.001)
(-0.01275 0.0014 0.001)
(-0.012375 0.0014 0.001)
(-0.012 0.0014 0.001)
(-0.011625 0.0014 0.001)
(-0.01125 0.0014 0.001)
(-0.010875 0.0014 0.001)
(-0.0105 0.0014 0.001)
(-0.010125 0.0014 0.001)
(-0.00975 0.0014 0.001)
(-0.009375 0.0014 0.001)
(-0.009 0.0014 0.001)
(-0.008625 0.0014 0.001)
(-0.00825 0.0014 0.001)
(-0.007875 0.0014 0.001)
(-0.0075 0.0014 0.001)
(-0.007125 0.0014 0.001)
(-0.00675 0.0014 0.001)
(-0.006375 0.0014 0.001)
(-0.006 0.0014 0.001)
(-0.005625 0.0014 0.001)
(-0.00525 0.0014 0.001)
(-0.004875 0.0014 0.001)
(-0.0045 0.0014 0.001)
(-0.004125 0.0014 0.001)
(-0.00375 0.0014 0.001)
(-0.003375 0.0014 0.001)
(-0.003 0.0014 0.001)
(-0.002625 0.0014 0.001)
(-0.00225 0.0014 0.001)
(-0.001875 0.0014 0.001)
(-0.0015 0.0014 0.001)
(-0.001125 0.0014 0.001)
(-0.00075 0.0014 0.001)
(-0.000375 0.0014 0.001)
(0 0.0014 0.001)
(0.000375 0.0014 0.001)
(0.00075 0.0014 0.001)
(0.001125 0.0014 0.001)
(0.0015 0.0014 0.001)
(0.001875 0.0014 0.001)
(0.00225 0.0014 0.001)
(0.002625 0.0014 0.001)
(0.003 0.0014 0.001)
(0.003375 0.0014 0.001)
(0.00375 0.0014 0.001)
(0.004125 0.0014 0.001)
(0.0045 0.0014 0.001)
(0.004875 0.0014 0.001)
(0.00525 0.0014 0.001)
(0.005625 0.0014 0.001)
(0.006 0.0014 0.001)
(0.006375 0.0014 0.001)
(0.00675 0.0014 0.001)
(0.007125 0.0014 0.001)
(0.0075 0.0014 0.001)
(0.007875 0.0014 0.001)
(0.00825 0.0014 0.001)
(0.008625 0.0014 0.001)
(0.009 0.0014 0.001)
(0.009375 0.0014 0.001)
(0.00975 0.0014 0.001)
(0.010125 0.0014 0.001)
(0.0105 0.0014 0.001)
(0.010875 0.0014 0.001)
(0.01125 0.0014 0.001)
(0.011625 0.0014 0.001)
(0.012 0.0014 0.001)
(0.012375 0.0014 0.001)
(0.01275 0.0014 0.001)
(0.013125 0.0014 0.001)
(0.0135 0.0014 0.001)
(0.013875 0.0014 0.001)
(0.01425 0.0014 0.001)
(0.014625 0.0014 0.001)
(0.015 0.0014 0.001)
(-0.015 0.0018 0.001)
(-0.014625 0.0018 0.001)
(-0.01425 0.0018 0.001)
(-0.013875 0.0018 0.001)
(-0.0135 0.0018 0.001)
(-0.013125 0.0018 0.001)
(-0.01275 0.0018 0.001)
(-0.012375 0.0018 0.001)
(-0.012 0.0018 0.001)
(-0.011625 0.0018 0.001)
(-0.01125 0.0018 0.001)
(-0.010875 0.0018 0.001)
(-0.0105 0.0018 0.001)
(-0.010125 0.0018 0.001)
(-0.00975 0.0018 0.001)
(-0.009375 0.0018 0.001)
(-0.009 0.0018 0.001)
(-0.008625 0.0018 0.001)
(-0.00825 0.0018 0.001)
(-0.007875 0.0018 0.001)
(-0.0075 0.0018 0.001)
(-0.007125 0.0018 0.001)
(-0.00675 0.0018 0.001)
(-0.006375 0.0018 0.001)
(-0.006 0.0018 0.001)
(-0.005625 0.0018 0.001)
(-0.00525 0.0018 0.001)
(-0.004875 0.0018 0.001)
(-0.0045 0.0018 0.001)
(-0.004125 0.0018 0.001)
(-0.00375 0.0018 0.001)
(-0.003375 0.0018 0.001)
(-0.003 0.0018 0.001)
(-0.002625 0.0018 0.001)
(-0.00225 0.0018 0.001)
(-0.001875 0.0018 0.001)
(-0.0015 0.0018 0.001)
(-0.001125 0.0018 0.001)
(-0.00075 0.0018 0.001)
(-0.000375 0.0018 0.001)
(0 0.0018 0.001)
(0.000375 0.0018 0.001)
(0.00075 0.0018 0.001)
(0.001125 0.0018 0.001)
(0.0015 0.0018 0.001)
(0.001875 0.0018 0.001)
(0.00225 0.0018 0.001)
(0.002625 0.0018 0.001)
(0.003 0.0018 0.001)
(0.003375 0.0018 0.001)
(0.00375 0.0018 0.001)
(0.004125 0.0018 0.001)
(0.0045 0.0018 0.001)
(0.004875 0.0018 0.001)
(0.00525 0.0018 0.001)
(0.005625 0.0018 0.001)
(0.006 0.0018 0.001)
(0.006375 0.0018 0.001)
(0.00675 0.0018 0.001)
(0.007125 0.0018 0.001)
(0.0075 0.0018 0.001)
(0.007875 0.0018 0.001)
(0.00825 0.0018 0.001)
(0.008625 0.0018 0.001)
(0.009 0.0018 0.001)
(0.009375 0.0018 0.001)
(0.00975 0.0018 0.001)
(0.010125 0.0018 0.001)
(0.0105 0.0018 0.001)
(0.010875 0.0018 0.001)
(0.01125 0.0018 0.001)
(0.011625 0.0018 0.001)
(0.012 0.0018 0.001)
(0.012375 0.0018 0.001)
(0.01275 0.0018 0.001)
(0.013125 0.0018 0.001)
(0.0135 0.0018 0.001)
(0.013875 0.0018 0.001)
(0.01425 0.0018 0.001)
(0.014625 0.0018 0.001)
(0.015 0.0018 0.001)
(-0.015 0.0022 0.001)
(-0.014625 0.0022 0.001)
(-0.01425 0.0022 0.001)
(-0.013875 0.0022 0.001)
(-0.0135 0.0022 0.001)
(-0.013125 0.0022 0.001)
(-0.01275 0.0022 0.001)
(-0.012375 0.0022 0.001)
(-0.012 0.0022 0.001)
(-0.011625 0.0022 0.001)
(-0.01125 0.0022 0.001)
(-0.010875 0.0022 0.001)
(-0.0105 0.0022 0.001)
(-0.010125 0.0022 0.001)
(-0.00975 0.0022 0.001)
(-0.009375 0.0022 0.001)
(-0.009 0.0022 0.001)
(-0.008625 0.0022 0.001)
(-0.00825 0.0022 0.001)
(-0.007875 0.0022 0.001)
(-0.0075 0.0022 0.001)
(-0.007125 0.0022 0.001)
(-0.00675 0.0022 0.001)
(-0.006375 0.0022 0.001)
(-0.006 0.0022 0.001)
(-0.005625 0.0022 0.001)
(-0.00525 0.0022 0.001)
(-0.004875 0.0022 0.001)
(-0.0045 0.0022 0.001)
(-0.004125 0.0022 0.001)
(-0.00375 0.0022 0.001)
(-0.003375 0.0022 0.001)
(-0.003 0.0022 0.001)
(-0.002625 0.0022 0.001)
(-0.00225 0.0022 0.001)
(-0.001875 0.0022 0.001)
(-0.0015 0.0022 0.001)
(-0.001125 0.0022 0.001)
(-0.00075 0.0022 0.001)
(-0.000375 0.0022 0.001)
(0 0.0022 0.001)
(0.000375 0.0022 0.001)
(0.00075 0.0022 0.001)
(0.001125 0.0022 0.001)
(0.0015 0.0022 0.001)
(0.001875 0.0022 0.001)
(0.00225 0.0022 0.001)
(0.002625 0.0022 0.001)
(0.003 0.0022 0.001)
(0.003375 0.0022 0.001)
(0.00375 0.0022 0.001)
(0.004125 0.0022 0.001)
(0.0045 0.0022 0.001)
(0.004875 0.0022 0.001)
(0.00525 0.0022 0.001)
(0.005625 0.0022 0.001)
(0.006 0.0022 0.001)
(0.006375 0.0022 0.001)
(0.00675 0.0022 0.001)
(0.007125 0.0022 0.001)
(0.0075 0.0022 0.001)
(0.007875 0.0022 0.001)
(0.00825 0.0022 0.001)
(0.008625 0.0022 0.001)
(0.009 0.0022 0.001)
(0.009375 0.0022 0.001)
(0.00975 0.0022 0.001)
(0.010125 0.0022 0.001)
(0.0105 0.0022 0.001)
(0.010875 0.0022 0.001)
(0.01125 0.0022 0.001)
(0.011625 0.0022 0.001)
(0.012 0.0022 0.001)
(0.012375 0.0022 0.001)
(0.01275 0.0022 0.001)
(0.013125 0.0022 0.001)
(0.0135 0.0022 0.001)
(0.013875 0.0022 0.001)
(0.01425 0.0022 0.001)
(0.014625 0.0022 0.001)
(0.015 0.0022 0.001)
(-0.015 0.0026 0.001)
(-0.014625 0.0026 0.001)
(-0.01425 0.0026 0.001)
(-0.013875 0.0026 0.001)
(-0.0135 0.0026 0.001)
(-0.013125 0.0026 0.001)
(-0.01275 0.0026 0.001)
(-0.012375 0.0026 0.001)
(-0.012 0.0026 0.001)
(-0.011625 0.0026 0.001)
(-0.01125 0.0026 0.001)
(-0.010875 0.0026 0.001)
(-0.0105 0.0026 0.001)
(-0.010125 0.0026 0.001)
(-0.00975 0.0026 0.001)
(-0.009375 0.0026 0.001)
(-0.009 0.0026 0.001)
(-0.008625 0.0026 0.001)
(-0.00825 0.0026 0.001)
(-0.007875 0.0026 0.001)
(-0.0075 0.0026 0.001)
(-0.007125 0.0026 0.001)
(-0.00675 0.0026 0.001)
(-0.006375 0.0026 0.001)
(-0.006 0.0026 0.001)
(-0.005625 0.0026 0.001)
(-0.00525 0.0026 0.001)
(-0.004875 0.0026 0.001)
(-0.0045 0.0026 0.001)
(-0.004125 0.0026 0.001)
(-0.00375 0.0026 0.001)
(-0.003375 0.0026 0.001)
(-0.003 0.0026 0.001)
(-0.002625 0.0026 0.001)
(-0.00225 0.0026 0.001)
(-0.001875 0.0026 0.001)
(-0.0015 0.0026 0.001)
(-0.001125 0.0026 0.001)
(-0.00075 0.0026 0.001)
(-0.000375 0.0026 0.001)
(0 0.0026 0.001)
(0.000375 0.0026 0.001)
(0.00075 0.0026 0.001)
(0.001125 0.0026 0.001)
(0.0015 0.0026 0.001)
(0.001875 0.0026 0.001)
(0.00225 0.0026 0.001)
(0.002625 0.0026 0.001)
(0.003 0.0026 0.001)
(0.003375 0.0026 0.001)
(0.00375 0.0026 0.001)
(0.004125 0.0026 0.001)
(0.0045 0.0026 0.001)
(0.004875 0.0026 0.001)
(0.00525 0.0026 0.001)
(0.005625 0.0026 0.001)
(0.006 0.0026 0.001)
(0.006375 0.0026 0.001)
(0.00675 0.0026 0.001)
(0.007125 0.0026 0.001)
(0.0075 0.0026 0.001)
(0.007875 0.0026 0.001)
(0.00825 0.0026 0.001)
(0.008625 0.0026 0.001)
(0.009 0.0026 0.001)
(0.009375 0.0026 0.001)
(0.00975 0.0026 0.001)
(0.010125 0.0026 0.001)
(0.0105 0.0026 0.001)
(0.010875 0.0026 0.001)
(0.01125 0.0026 0.001)
(0.011625 0.0026 0.001)
(0.012 0.0026 0.001)
(0.012375 0.0026 0.001)
(0.01275 0.0026 0.001)
(0.013125 0.0026 0.001)
(0.0135 0.0026 0.001)
(0.013875 0.0026 0.001)
(0.01425 0.0026 0.001)
(0.014625 0.0026 0.001)
(0.015 0.0026 0.001)
(-0.015 0.003 0.001)
(-0.014625 0.003 0.001)
(-0.01425 0.003 0.001)
(-0.013875 0.003 0.001)
(-0.0135 0.003 0.001)
(-0.013125 0.003 0.001)
(-0.01275 0.003 0.001)
(-0.012375 0.003 0.001)
(-0.012 0.003 0.001)
(-0.011625 0.003 0.001)
(-0.01125 0.003 0.001)
(-0.010875 0.003 0.001)
(-0.0105 0.003 0.001)
(-0.010125 0.003 0.001)
(-0.00975 0.003 0.001)
(-0.009375 0.003 0.001)
(-0.009 0.003 0.001)
(-0.008625 0.003 0.001)
(-0.00825 0.003 0.001)
(-0.007875 0.003 0.001)
(-0.0075 0.003 0.001)
(-0.007125 0.003 0.001)
(-0.00675 0.003 0.001)
(-0.006375 0.003 0.001)
(-0.006 0.003 0.001)
(-0.005625 0.003 0.001)
(-0.00525 0.003 0.001)
(-0.004875 0.003 0.001)
(-0.0045 0.003 0.001)
(-0.004125 0.003 0.001)
(-0.00375 0.003 0.001)
(-0.003375 0.003 0.001)
(-0.003 0.003 0.001)
(-0.002625 0.003 0.001)
(-0.00225 0.003 0.001)
(-0.001875 0.003 0.001)
(-0.0015 0.003 0.001)
(-0.001125 0.003 0.001)
(-0.00075 0.003 0.001)
(-0.000375 0.003 0.001)
(0 0.003 0.001)
(0.000375 0.003 0.001)
(0.00075 0.003 0.001)
(0.001125 0.003 0.001)
(0.0015 0.003 0.001)
(0.001875 0.003 0.001)
(0.00225 0.003 0.001)
(0.002625 0.003 0.001)
(0.003 0.003 0.001)
(0.003375 0.003 0.001)
(0.00375 0.003 0.001)
(0.004125 0.003 0.001)
(0.0045 0.003 0.001)
(0.004875 0.003 0.001)
(0.00525 0.003 0.001)
(0.005625 0.003 0.001)
(0.006 0.003 0.001)
(0.006375 0.003 0.001)
(0.00675 0.003 0.001)
(0.007125 0.003 0.001)
(0.0075 0.003 0.001)
(0.007875 0.003 0.001)
(0.00825 0.003 0.001)
(0.008625 0.003 0.001)
(0.009 0.003 0.001)
(0.009375 0.003 0.001)
(0.00975 0.003 0.001)
(0.010125 0.003 0.001)
(0.0105 0.003 0.001)
(0.010875 0.003 0.001)
(0.01125 0.003 0.001)
(0.011625 0.003 0.001)
(0.012 0.003 0.001)
(0.012375 0.003 0.001)
(0.01275 0.003 0.001)
(0.013125 0.003 0.001)
(0.0135 0.003 0.001)
(0.013875 0.003 0.001)
(0.01425 0.003 0.001)
(0.014625 0.003 0.001)
(0.015 0.003 0.001)
)


// ************************************************************************* //
